Time, HF1, HF2, TC1
06/28/16_11:11:57, 0.000000, 0.000000, 24.682308
06/28/16_11:11:58, 0.000000, 0.000000, 24.682308
06/28/16_11:12:00, 0.000000, 0.000000, 23.704792
06/28/16_11:12:01, 0.000000, 0.000000, 25.659824
06/28/16_11:12:03, 0.000000, 0.000000, 24.682308
06/28/16_11:12:05, 0.000000, 0.000000, 25.659824
06/28/16_11:12:06, 0.000000, 0.000000, 25.659824
06/28/16_11:12:08, 0.000000, 0.000000, 25.659824
06/28/16_11:12:09, 0.000000, 0.000000, 25.659824
06/28/16_11:12:11, 0.000000, 0.000000, 24.682308
06/28/16_11:12:13, 0.000000, 0.000000, 25.659824
06/28/16_11:12:15, 0.000000, 0.000000, 23.704792
06/28/16_11:12:17, 0.000000, 0.000000, 24.682308
06/28/16_11:12:19, 0.000000, 0.000000, 23.704792
06/28/16_11:12:20, 0.000000, 0.000000, 23.704792
06/28/16_11:12:22, 0.000000, 0.000000, 22.727275
06/28/16_11:12:24, 0.000000, 0.000000, 32.502437
06/28/16_11:12:27, 0.000000, 0.000000, 32.502437
06/28/16_11:12:29, 0.000000, 0.000000, 24.682308
06/28/16_11:12:31, 0.000000, 0.000188, 22.727275
06/28/16_11:12:33, 0.000000, 0.001312, 21.749759
06/28/16_11:12:34, 0.000000, 0.001125, 22.727275
06/28/16_11:12:36, 0.000000, 0.001125, 21.749759
06/28/16_11:12:37, 0.000375, 0.000750, 23.704792
06/28/16_11:12:39, 0.001125, 0.000188, 22.727275
06/28/16_11:12:41, 0.001125, 0.000000, 22.727275
06/28/16_11:12:42, 0.000375, 0.000000, 23.704792
06/28/16_11:12:44, 0.000000, 0.000000, 21.749759
06/28/16_11:12:45, 0.000000, 0.000000, 22.727275
06/28/16_11:12:47, 0.000000, 0.000000, 21.749759
06/28/16_11:12:49, 0.000000, 0.000000, 23.704792
06/28/16_11:12:51, 0.000000, 0.000000, 24.682308
06/28/16_11:12:52, -0.002813, 0.000000, 22.727275
06/28/16_11:12:54, -0.043688, 0.000000, 23.704792
06/28/16_11:12:56, -0.045000, -0.828188, 22.727275
06/28/16_11:12:57, -0.041437, -0.937312, 23.704792
06/28/16_11:12:59, -0.044437, 0.000000, 23.704792
06/28/16_11:13:01, -0.045375, 0.000000, 23.704792
06/28/16_11:13:02, -0.047250, 0.000000, 22.727275
06/28/16_11:13:04, -0.053812, 0.000000, 22.727275
06/28/16_11:13:05, 0.000000, 0.000000, 22.727275
06/28/16_11:13:07, 0.000000, 0.000000, 25.659824
06/28/16_11:13:09, 0.000750, 0.000000, 26.637340
06/28/16_11:13:10, 0.000188, 0.000000, 26.637340
06/28/16_11:13:11, 0.000000, 0.000000, 25.659824
06/28/16_11:13:13, 0.000000, 0.000000, 26.637340
06/28/16_11:13:15, 0.000000, 0.000000, 22.727275
06/28/16_11:13:16, 0.000000, 0.000000, 23.704792
06/28/16_11:13:18, 0.000000, 0.000000, 23.704792
06/28/16_11:13:19, 0.000000, 0.000000, 23.704792
06/28/16_11:13:21, 0.000000, 0.000000, 23.704792
06/28/16_11:13:22, 0.000000, 0.000000, 21.749759
06/28/16_11:13:24, 0.000000, 0.000000, 21.749759
06/28/16_11:13:26, 0.000000, 0.000000, 23.704792
06/28/16_11:13:27, 0.000000, 0.000000, 23.704792
06/28/16_11:13:29, 0.000000, 0.000000, 23.704792
06/28/16_11:13:30, 0.000000, 0.000000, 23.704792
06/28/16_11:13:32, 0.000000, 0.000000, 23.704792
06/28/16_11:13:33, 0.000000, 0.000000, 22.727275
06/28/16_11:13:35, 0.000000, 0.000000, 22.727275
06/28/16_11:13:36, 0.000000, 0.000000, 23.704792
06/28/16_11:13:38, 0.000000, 0.000000, 23.704792
06/28/16_11:13:39, 0.000000, 0.000000, 21.749759
06/28/16_11:13:41, 0.000000, 0.000000, 22.727275
06/28/16_11:13:42, 0.000000, 0.000000, 22.727275
06/28/16_11:13:44, 0.000000, 0.000000, 22.727275
06/28/16_11:13:46, 0.000000, 0.000000, 22.727275
06/28/16_11:13:47, 0.000000, 0.000000, 22.727275
06/28/16_11:13:49, 0.000000, 0.000000, 20.772243
06/28/16_11:13:50, 0.000000, 0.000000, 22.727275
06/28/16_11:13:52, 0.000000, 0.000000, 21.749759
06/28/16_11:13:53, 0.000000, 0.000000, 22.727275
06/28/16_11:13:55, 0.000000, 0.000000, 23.704792
06/28/16_11:13:56, 0.000000, 0.000000, 21.749759
06/28/16_11:13:58, 0.000000, 0.000000, 21.749759
06/28/16_11:13:59, 0.000000, 0.000000, 22.727275
06/28/16_11:14:01, 0.000000, 0.000000, 22.727275
06/28/16_11:14:02, 0.000000, 0.000000, 21.749759
06/28/16_11:14:04, 0.000000, 0.000000, 21.749759
06/28/16_11:14:05, 0.000000, 0.000000, 22.727275
06/28/16_11:14:07, 0.000000, 0.000000, 22.727275
06/28/16_11:14:08, 0.000000, 0.000000, 21.749759
06/28/16_11:14:10, 0.000000, 0.000000, 21.749759
06/28/16_11:14:11, 0.000000, 0.000000, 22.727275
06/28/16_11:14:13, 0.000000, 0.000000, 21.749759
06/28/16_11:14:14, 0.000000, 0.000000, 22.727275
06/28/16_11:14:17, 0.000000, 0.000000, 22.727275
06/28/16_11:14:18, 0.000000, 0.000000, 21.749759
06/28/16_11:14:21, 0.000000, 0.000000, 22.727275
06/28/16_11:14:15, 0.000000, 0.000000, 24.682308
06/28/16_11:14:16, 0.000000, 0.000000, 22.727275
06/28/16_11:14:18, 0.000000, 0.000000, 23.704792
06/28/16_11:14:19, 0.000000, 0.000000, 21.749759
06/28/16_11:14:21, 0.000000, 0.000000, 22.727275
06/28/16_11:14:22, 0.000000, 0.000000, 21.749759
06/28/16_11:14:24, 0.000000, 0.000000, 20.772243
06/28/16_11:14:25, 0.000000, 0.000000, 21.749759
06/28/16_11:14:27, 0.000000, 0.000000, 21.749759
06/28/16_11:14:29, 0.000000, 0.000000, 22.727275
06/28/16_11:14:31, 0.000000, 0.000000, 22.727275
06/28/16_11:14:32, 0.000000, 0.000000, 22.727275
06/28/16_11:14:34, 0.000000, 0.000000, 22.727275
06/28/16_11:14:35, 0.000000, 0.000000, 23.704792
06/28/16_11:14:37, 0.000000, 0.000000, 21.749759
06/28/16_11:14:38, 0.000000, 0.000000, 22.727275
06/28/16_11:14:40, 0.000000, 0.000000, 21.749759
06/28/16_11:14:41, 0.000000, 0.000000, 22.727275
06/28/16_11:14:43, 0.000000, 0.000000, 21.749759
06/28/16_11:14:44, 0.000000, 0.000000, 23.704792
06/28/16_11:14:46, 0.000000, 0.000000, 22.727275
06/28/16_11:14:47, 0.000000, 0.000000, 22.727275
06/28/16_11:14:49, 0.000000, 0.000000, 22.727275
06/28/16_11:14:50, 0.000000, 0.000000, 22.727275
06/28/16_11:14:52, 0.000000, 0.000000, 20.772243
06/28/16_11:14:53, 0.000000, 0.000000, 23.704792
06/28/16_11:14:55, 0.000000, 0.000000, 22.727275
06/28/16_11:14:56, 0.000000, 0.000000, 23.704792
06/28/16_11:14:58, 0.000000, 0.000000, 23.704792
06/28/16_11:14:59, 0.000000, 0.000000, 23.704792
06/28/16_11:15:01, 0.000000, 0.000000, 23.704792
06/28/16_11:15:02, 0.000000, 0.000000, 23.704792
06/28/16_11:15:04, 0.000000, 0.000000, 23.704792
06/28/16_11:15:05, 0.000000, 0.000000, 22.727275
06/28/16_11:15:07, 0.000000, 0.000000, 22.727275
06/28/16_11:15:08, 0.000000, 0.000000, 22.727275
06/28/16_11:15:10, 0.000000, 0.000000, 22.727275
06/28/16_11:15:12, 0.000000, 0.000000, 24.682308
06/28/16_11:15:13, 0.000000, 0.000000, 23.704792
06/28/16_11:15:15, 0.000000, 0.000000, 22.727275
06/28/16_11:15:16, 0.000000, 0.000000, 22.727275
06/28/16_11:15:18, 0.000000, 0.000000, 21.749759
06/28/16_11:15:19, 0.000000, 0.000000, 21.749759
06/28/16_11:15:20, 0.000000, 0.000000, 21.749759
06/28/16_11:15:22, 0.000000, 0.000000, 22.727275
06/28/16_11:15:24, 0.000000, 0.000000, 21.749759
06/28/16_11:15:25, 0.000000, 0.000000, 22.727275
06/28/16_11:15:27, 0.000000, 0.000000, 21.749759
06/28/16_11:15:28, 0.000000, 0.000000, 22.727275
06/28/16_11:15:30, 0.000000, 0.000000, 23.704792
06/28/16_11:15:31, 0.000000, 0.000000, 22.727275
06/28/16_11:15:33, 0.000000, 0.000000, 18.817211
06/28/16_11:15:34, 0.000000, 0.000000, 22.727275
06/28/16_11:15:36, 0.000000, 0.000000, 24.682308
06/28/16_11:15:37, 0.000000, 0.000000, 23.704792
06/28/16_11:15:39, 0.000000, 0.000000, 23.704792
06/28/16_11:15:40, 0.000000, 0.000000, 22.727275
06/28/16_11:15:42, 0.000000, 0.000000, 22.727275
06/28/16_11:15:43, 0.000000, 0.000000, 22.727275
06/28/16_11:15:45, 0.000000, 0.000000, 23.704792
06/28/16_11:15:46, 0.000000, 0.000000, 21.749759
06/28/16_11:15:48, 0.000000, 0.000000, 22.727275
06/28/16_11:15:49, 0.000000, 0.000000, 20.772243
06/28/16_11:15:51, 0.000000, 0.000000, 22.727275
06/28/16_11:15:52, 0.000000, 0.000000, 20.772243
06/28/16_11:15:54, 0.000000, 0.000000, 22.727275
06/28/16_11:15:55, 0.000000, 0.000000, 22.727275
06/28/16_11:15:57, 0.000000, 0.000000, 22.727275
06/28/16_11:15:58, 0.000000, 0.000000, 21.749759
06/28/16_11:16:00, 0.000000, 0.000000, 21.749759
06/28/16_11:16:01, 0.000000, 0.000000, 22.727275
06/28/16_11:16:03, 0.000000, 0.000188, 22.727275
06/28/16_11:16:04, 0.000000, 0.000375, 22.727275
06/28/16_11:16:06, 0.000188, 0.000375, 20.772243
06/28/16_11:16:07, 0.000000, 0.000375, 23.704792
06/28/16_11:16:09, 0.000000, 0.000188, 22.727275
06/28/16_11:16:11, 0.000000, 0.000188, 24.682308
06/28/16_11:16:13, 0.000000, 0.000188, 23.704792
06/28/16_11:16:14, 0.000000, 0.000375, 22.727275
06/28/16_11:16:15, 0.000000, 0.000375, 24.682308
06/28/16_11:16:17, 0.000000, 0.000375, 25.659824
06/28/16_11:16:19, 0.000000, 0.000375, 24.682308
06/28/16_11:16:20, 0.000000, 0.000188, 24.682308
06/28/16_11:16:22, 0.000000, 0.000188, 23.704792
06/28/16_11:16:23, 0.000000, 0.000188, 24.682308
06/28/16_11:16:25, 0.000000, 0.000188, 24.682308
06/28/16_11:16:26, 0.000188, 0.000188, 23.704792
06/28/16_11:16:28, 0.000000, 0.000000, 24.682308
06/28/16_11:16:29, 0.000000, 0.000188, 23.704792
06/28/16_11:16:31, 0.000000, 0.000000, 22.727275
06/28/16_11:16:32, 0.000000, 0.000188, 21.749759
06/28/16_11:16:34, 0.000000, 0.000188, 23.704792
06/28/16_11:16:35, 0.000188, 0.000188, 23.704792
06/28/16_11:16:37, 0.000000, 0.000188, 23.704792
06/28/16_11:16:38, 0.000188, 0.000188, 23.704792
06/28/16_11:16:40, 0.000188, 0.000188, 22.727275
06/28/16_11:16:41, 0.000000, 0.000188, 23.704792
06/28/16_11:16:43, 0.000188, 0.000375, 23.704792
06/28/16_11:16:44, 0.000188, 0.000375, 24.682308
06/28/16_11:16:46, 0.000000, 0.000375, 24.682308
06/28/16_11:16:47, 0.000000, 0.000375, 24.682308
06/28/16_11:16:49, 0.000000, 0.000188, 24.682308
06/28/16_11:16:50, 0.000000, 0.000188, 23.704792
06/28/16_11:16:52, 0.000000, 0.000188, 23.704792
06/28/16_11:16:54, 0.000000, 0.000188, 23.704792
06/28/16_11:16:55, 0.000000, 0.000188, 22.727275
06/28/16_11:16:56, 0.000000, 0.000188, 22.727275
06/28/16_11:16:58, 0.000000, 0.000188, 22.727275
06/28/16_11:16:59, 0.000188, 0.000188, 21.749759
06/28/16_11:17:01, 0.000188, 0.000188, 24.682308
06/28/16_11:17:02, 0.000188, 0.000188, 23.704792
06/28/16_11:17:04, 0.000188, 0.000188, 23.704792
06/28/16_11:17:05, 0.000188, 0.000188, 22.727275
06/28/16_11:17:07, 0.000188, 0.000000, 21.749759
06/28/16_11:17:08, 0.000000, 0.000188, 22.727275
06/28/16_11:17:10, 0.000000, 0.000000, 22.727275
06/28/16_11:17:11, 0.000000, 0.000188, 23.704792
06/28/16_11:17:13, 0.000188, 0.000188, 22.727275
06/28/16_11:17:15, 0.000188, 0.000188, 23.704792
06/28/16_11:17:16, 0.000188, 0.000375, 24.682308
06/28/16_11:17:17, 0.000188, 0.000375, 25.659824
06/28/16_11:17:19, 0.000188, 0.000375, 25.659824
06/28/16_11:17:21, 0.000188, 0.000375, 24.682308
06/28/16_11:17:22, 0.000188, 0.000562, 25.659824
06/28/16_11:17:24, 0.000188, 0.000562, 24.682308
06/28/16_11:17:25, 0.000188, 0.000375, 23.704792
06/28/16_11:17:27, 0.000188, 0.000375, 23.704792
06/28/16_11:17:28, 0.000375, 0.000375, 23.704792
06/28/16_11:17:30, 0.000375, 0.000375, 21.749759
06/28/16_11:17:31, 0.000375, 0.000375, 24.682308
06/28/16_11:17:33, 0.000000, 0.000000, 24.682308
06/28/16_11:17:34, 0.000000, 0.000000, 25.659824
06/28/16_11:17:36, 0.000000, 0.000000, 24.682308
06/28/16_11:17:37, 0.000000, 0.000188, 24.682308
06/28/16_11:17:39, 0.000188, 0.000375, 26.637340
06/28/16_11:17:40, 0.000188, 0.000375, 26.637340
06/28/16_11:17:42, 0.000000, 0.000375, 27.614856
06/28/16_11:17:43, 0.000188, 0.000375, 27.614856
06/28/16_11:17:45, 0.000000, 0.000375, 26.637340
06/28/16_11:17:46, 0.000188, 0.000562, 25.659824
06/28/16_11:17:48, 0.000000, 0.000375, 27.614856
06/28/16_11:17:49, 0.000000, 0.000562, 26.637340
06/28/16_11:17:51, 0.000000, 0.000562, 26.637340
06/28/16_11:17:52, 0.000000, 0.000562, 27.614856
06/28/16_11:17:54, 0.000000, 0.000562, 28.592372
06/28/16_11:17:55, 0.000000, 0.000562, 28.592372
06/28/16_11:17:57, 0.000000, 0.000562, 27.614856
06/28/16_11:17:58, 0.000000, 0.000562, 26.637340
06/28/16_11:18:00, 0.000000, 0.000188, 27.614856
06/28/16_11:18:01, 0.000000, 0.000000, 24.682308
06/28/16_11:18:03, 0.000000, 0.000000, 27.614856
06/28/16_11:18:04, 0.000000, 0.000000, 26.637340
06/28/16_11:18:06, 0.000000, 0.000000, 25.659824
06/28/16_11:18:07, 0.000000, 0.000000, 24.682308
06/28/16_11:18:09, 0.000188, 0.000000, 25.659824
06/28/16_11:18:11, 0.000000, 0.000000, 26.637340
06/28/16_11:18:12, 0.000000, 0.000000, 24.682308
06/28/16_11:18:14, 0.000000, 0.000000, 24.682308
06/28/16_11:18:15, 0.000000, 0.000000, 24.682308
06/28/16_11:18:17, 0.000000, 0.000000, 24.682308
06/28/16_11:18:18, 0.000000, 0.000000, 25.659824
06/28/16_11:18:20, 0.000000, 0.000000, 26.637340
06/28/16_11:18:22, 0.000000, 0.000000, 26.637340
06/28/16_11:18:23, 0.000000, 0.000000, 26.637340
06/28/16_11:18:25, 0.000000, 0.000000, 26.637340
06/28/16_11:18:26, 0.000000, 0.000000, 24.682308
06/28/16_11:18:28, 0.000000, 0.000000, 25.659824
06/28/16_11:18:29, 0.000000, 0.000000, 24.682308
06/28/16_11:18:31, 0.000188, 0.000000, 25.659824
06/28/16_11:18:32, 0.000000, 0.000000, 24.682308
06/28/16_11:18:33, 0.000000, 0.000000, 26.637340
06/28/16_11:18:35, 0.000000, 0.000000, 26.637340
06/28/16_11:18:37, 0.000000, 0.000000, 27.614856
06/28/16_11:18:38, 0.000000, 0.000000, 25.659824
06/28/16_11:18:39, 0.000000, 0.000000, 25.659824
06/28/16_11:18:41, 0.000000, 0.000000, 26.637340
06/28/16_11:18:43, 0.000000, 0.000000, 25.659824
06/28/16_11:18:44, 0.000000, 0.000000, 26.637340
06/28/16_11:18:46, 0.000000, 0.000000, 25.659824
06/28/16_11:18:47, 0.000000, 0.000000, 25.659824
06/28/16_11:18:49, 0.000000, 0.000000, 25.659824
06/28/16_11:18:50, 0.000000, 0.000000, 24.682308
06/28/16_11:18:52, 0.000000, 0.000000, 24.682308
06/28/16_11:18:53, 0.000000, 0.000000, 26.637340
06/28/16_11:18:55, 0.000000, 0.000000, 25.659824
06/28/16_11:18:56, 0.000000, 0.000000, 25.659824
06/28/16_11:18:58, 0.000000, 0.000000, 25.659824
06/28/16_11:18:59, 0.000000, 0.000000, 25.659824
06/28/16_11:19:01, 0.000000, 0.000000, 25.659824
06/28/16_11:19:02, 0.000000, 0.000000, 25.659824
06/28/16_11:19:04, 0.000000, 0.000000, 24.682308
06/28/16_11:19:05, 0.000000, 0.000000, 25.659824
06/28/16_11:19:07, 0.000000, 0.000000, 25.659824
06/28/16_11:19:08, 0.000000, 0.000000, 25.659824
06/28/16_11:19:10, 0.000000, 0.000000, 26.637340
06/28/16_11:19:11, 0.000000, 0.000000, 26.637340
06/28/16_11:19:13, 0.000000, 0.000000, 25.659824
06/28/16_11:19:14, 0.000000, 0.000000, 25.659824
06/28/16_11:19:15, 0.000000, 0.000000, 25.659824
06/28/16_11:19:17, 0.000000, 0.000188, 25.659824
06/28/16_11:19:18, 0.000000, 0.000000, 25.659824
06/28/16_11:19:20, 0.000000, 0.000000, 25.659824
06/28/16_11:19:21, 0.000000, 0.000000, 25.659824
06/28/16_11:19:23, 0.000000, 0.000000, 26.637340
06/28/16_11:19:24, 0.000000, 0.000000, 25.659824
06/28/16_11:19:26, 0.000000, 0.000000, 25.659824
06/28/16_11:19:27, 0.000000, 0.000000, 25.659824
06/28/16_11:19:29, 0.000000, 0.000000, 24.682308
06/28/16_11:19:30, 0.000000, 0.000000, 25.659824
06/28/16_11:19:32, 0.000000, 0.000000, 25.659824
06/28/16_11:19:33, 0.000000, 0.000000, 27.614856
06/28/16_11:19:35, 0.000000, 0.000000, 25.659824
06/28/16_11:19:36, 0.000000, 0.000000, 25.659824
06/28/16_11:19:38, 0.000000, 0.000000, 25.659824
06/28/16_11:19:39, 0.000000, 0.000000, 25.659824
06/28/16_11:19:41, 0.000000, 0.000000, 25.659824
06/28/16_11:19:43, 0.000000, 0.000000, 24.682308
06/28/16_11:19:44, 0.000000, 0.000000, 24.682308
06/28/16_11:19:46, 0.000000, 0.000000, 25.659824
06/28/16_11:19:47, 0.000000, 0.000000, 25.659824
06/28/16_11:19:49, 0.000000, 0.000000, 25.659824
06/28/16_11:19:50, 0.000000, 0.000000, 25.659824
06/28/16_11:19:52, 0.000000, 0.000000, 25.659824
06/28/16_11:19:53, 0.000000, 0.000000, 25.659824
06/28/16_11:19:55, 0.000000, 0.000000, 24.682308
06/28/16_11:19:56, 0.000000, 0.000000, 23.704792
06/28/16_11:19:58, 0.000000, 0.000000, 24.682308
06/28/16_11:20:00, 0.000000, 0.000000, 24.682308
06/28/16_11:20:01, 0.000000, 0.000000, 25.659824
06/28/16_11:20:03, 0.000000, 0.000000, 25.659824
06/28/16_11:20:04, 0.000000, 0.000000, 25.659824
06/28/16_11:20:06, 0.000000, 0.000000, 24.682308
06/28/16_11:20:07, 0.000000, 0.000000, 25.659824
06/28/16_11:20:09, 0.000000, 0.000000, 25.659824
06/28/16_11:20:10, 0.000000, 0.000000, 25.659824
06/28/16_11:20:11, 0.000000, 0.000000, 25.659824
06/28/16_11:20:13, 0.000000, 0.000000, 25.659824
06/28/16_11:20:14, 0.000000, 0.000000, 25.659824
06/28/16_11:20:16, 0.000000, 0.000000, 27.614856
06/28/16_11:20:17, 0.000000, 0.000000, 25.659824
06/28/16_11:20:19, 0.000000, 0.000000, 25.659824
06/28/16_11:20:20, 0.000000, 0.000000, 26.637340
06/28/16_11:20:22, 0.000000, 0.000000, 25.659824
06/28/16_11:20:23, 0.000000, 0.000000, 25.659824
06/28/16_11:20:25, 0.000000, 0.000000, 25.659824
06/28/16_11:20:26, 0.000000, 0.000000, 25.659824
06/28/16_11:20:28, 0.000000, 0.000000, 24.682308
06/28/16_11:20:29, 0.000000, 0.000000, 24.682308
06/28/16_11:20:31, 0.000000, 0.000000, 25.659824
06/28/16_11:20:32, 0.000000, 0.000000, 25.659824
06/28/16_11:20:34, 0.000000, 0.000000, 25.659824
06/28/16_11:20:35, 0.000000, 0.000000, 24.682308
06/28/16_11:20:37, 0.000000, 0.000000, 25.659824
06/28/16_11:20:38, 0.000000, 0.000000, 25.659824
06/28/16_11:20:40, 0.000000, 0.000000, 25.659824
06/28/16_11:20:41, 0.000000, 0.000000, 26.637340
06/28/16_11:20:43, 0.000000, 0.000000, 25.659824
06/28/16_11:20:44, 0.000000, 0.000000, 26.637340
06/28/16_11:20:46, 0.000000, 0.000000, 25.659824
06/28/16_11:20:47, 0.000000, 0.000000, 26.637340
06/28/16_11:20:49, 0.000000, 0.000000, 26.637340
06/28/16_11:20:50, 0.000000, 0.000000, 26.637340
06/28/16_11:20:52, 0.000000, 0.000000, 26.637340
06/28/16_11:20:53, 0.000000, 0.000000, 25.659824
06/28/16_11:20:55, 0.000000, 0.000000, 24.682308
06/28/16_11:20:57, 0.000000, 0.000000, 26.637340
06/28/16_11:20:58, 0.000000, 0.000000, 25.659824
06/28/16_11:21:00, 0.000000, 0.000000, 25.659824
06/28/16_11:21:01, 0.000000, 0.000000, 25.659824
06/28/16_11:21:03, 0.000000, 0.000000, 25.659824
06/28/16_11:21:04, 0.000000, 0.000000, 24.682308
06/28/16_11:21:06, 0.000000, 0.000000, 25.659824
06/28/16_11:21:07, 0.000000, 0.000000, 25.659824
06/28/16_11:21:09, 0.000000, 0.000000, 25.659824
06/28/16_11:21:10, 0.000000, 0.000188, 25.659824
06/28/16_11:21:11, 0.000000, 0.000000, 25.659824
06/28/16_11:21:13, 0.000000, 0.000000, 25.659824
06/28/16_11:21:15, 0.000000, 0.000000, 24.682308
06/28/16_11:21:16, 0.000000, 0.000000, 25.659824
06/28/16_11:21:18, 0.000000, 0.000000, 25.659824
06/28/16_11:21:19, 0.000000, 0.000000, 26.637340
06/28/16_11:21:21, 0.000000, 0.000000, 25.659824
06/28/16_11:21:22, 0.000000, 0.000000, 26.637340
06/28/16_11:21:23, 0.000000, 0.000000, 25.659824
06/28/16_11:21:25, 0.000000, 0.000000, 26.637340
06/28/16_11:21:26, 0.000000, 0.000000, 24.682308
06/28/16_11:21:28, 0.000000, 0.000000, 24.682308
06/28/16_11:21:30, 0.000000, 0.000000, 24.682308
06/28/16_11:21:31, 0.000000, 0.000000, 24.682308
06/28/16_11:21:33, 0.000000, 0.000000, 23.704792
06/28/16_11:21:35, 0.000000, 0.000000, 22.727275
06/28/16_11:21:36, 0.000000, 0.000000, 22.727275
06/28/16_11:21:38, 0.000000, 0.000000, 23.704792
06/28/16_11:21:39, 0.000000, 0.000000, 23.704792
06/28/16_11:21:41, 0.000000, 0.000000, 23.704792
06/28/16_11:21:42, 0.000000, 0.000000, 25.659824
06/28/16_11:21:44, 0.000000, 0.000000, 25.659824
06/28/16_11:21:45, 0.000000, 0.000000, 26.637340
06/28/16_11:21:46, 0.000000, 0.000000, 26.637340
06/28/16_11:21:48, 0.000000, 0.000000, 25.659824
06/28/16_11:21:50, 0.000000, 0.000000, 25.659824
06/28/16_11:21:51, 0.000000, 0.000000, 26.637340
06/28/16_11:21:52, 0.000000, 0.000000, 24.682308
06/28/16_11:21:54, 0.000000, 0.000000, 25.659824
06/28/16_11:21:55, 0.000188, 0.000000, 26.637340
06/28/16_11:21:57, 0.000000, 0.000000, 25.659824
06/28/16_11:21:59, 0.000000, 0.000000, 25.659824
06/28/16_11:22:00, 0.000000, 0.000000, 26.637340
06/28/16_11:22:02, 0.000000, 0.000188, 26.637340
06/28/16_11:22:03, 0.000000, 0.000000, 25.659824
06/28/16_11:22:05, 0.000000, 0.000000, 25.659824
06/28/16_11:22:06, 0.000000, 0.000000, 25.659824
06/28/16_11:22:08, 0.000000, 0.000000, 25.659824
06/28/16_11:22:09, 0.000000, 0.000000, 25.659824
06/28/16_11:22:10, 0.000000, 0.000000, 25.659824
06/28/16_11:22:12, 0.000000, 0.000000, 24.682308
06/28/16_11:22:14, 0.000000, 0.000000, 24.682308
06/28/16_11:22:15, 0.000000, 0.000000, 25.659824
06/28/16_11:22:17, 0.000000, 0.000000, 24.682308
06/28/16_11:22:18, 0.000000, 0.000000, 26.637340
06/28/16_11:22:20, 0.000000, 0.000000, 24.682308
06/28/16_11:22:21, 0.000000, 0.000000, 25.659824
06/28/16_11:22:23, 0.000000, 0.000000, 25.659824
06/28/16_11:22:24, 0.000000, 0.000000, 24.682308
06/28/16_11:22:25, 0.000000, 0.000000, 24.682308
06/28/16_11:22:27, 0.000000, 0.000000, 24.682308
06/28/16_11:22:28, 0.000000, 0.000000, 24.682308
06/28/16_11:22:30, 0.000000, 0.000000, 25.659824
06/28/16_11:22:32, 0.000000, 0.000000, 25.659824
06/28/16_11:22:33, 0.000000, 0.000000, 25.659824
06/28/16_11:22:34, 0.000000, 0.000000, 26.637340
06/28/16_11:22:36, 0.000000, 0.000000, 26.637340
06/28/16_11:22:37, 0.000000, 0.000000, 26.637340
06/28/16_11:22:39, 0.000000, 0.000000, 26.637340
06/28/16_11:22:40, 0.000000, 0.000000, 26.637340
06/28/16_11:22:42, 0.000000, 0.000000, 26.637340
06/28/16_11:22:43, 0.000000, 0.000000, 25.659824
06/28/16_11:22:45, 0.000000, 0.000000, 25.659824
06/28/16_11:22:46, 0.000000, 0.000000, 25.659824
06/28/16_11:22:48, 0.000000, 0.000000, 24.682308
06/28/16_11:22:49, 0.000000, 0.000000, 26.637340
06/28/16_11:22:51, 0.000000, 0.000000, 25.659824
06/28/16_11:22:52, 0.000000, 0.000000, 25.659824
06/28/16_11:22:54, 0.000000, 0.000000, 24.682308
06/28/16_11:22:55, 0.000000, 0.000000, 26.637340
06/28/16_11:22:57, 0.000000, 0.000000, 26.637340
06/28/16_11:22:58, 0.000000, 0.000000, 23.704792
06/28/16_11:23:00, 0.000000, 0.000000, 25.659824
06/28/16_11:23:01, 0.000000, 0.000000, 25.659824
06/28/16_11:23:03, 0.000000, 0.000000, 23.704792
06/28/16_11:23:04, 0.000000, 0.000000, 24.682308
06/28/16_11:23:06, 0.000000, 0.000000, 25.659824
06/28/16_11:23:07, 0.000000, 0.000000, 25.659824
06/28/16_11:23:09, 0.000000, 0.000000, 25.659824
06/28/16_11:23:10, 0.000000, 0.000000, 24.682308
06/28/16_11:23:12, 0.000000, 0.000000, 25.659824
06/28/16_11:23:13, 0.000000, 0.000000, 25.659824
06/28/16_11:23:15, 0.000000, 0.000000, 25.659824
06/28/16_11:23:16, 0.000000, 0.000000, 25.659824
06/28/16_11:23:18, 0.000000, 0.000000, 25.659824
06/28/16_11:23:19, 0.000000, 0.000000, 24.682308
06/28/16_11:23:21, 0.000000, 0.000000, 25.659824
06/28/16_11:23:22, 0.000000, 0.000000, 25.659824
06/28/16_11:23:24, 0.000000, 0.000000, 26.637340
06/28/16_11:23:25, 0.000000, 0.000000, 27.614856
06/28/16_11:23:27, 0.000000, 0.000000, 25.659824
06/28/16_11:23:28, 0.000000, 0.000000, 25.659824
06/28/16_11:23:30, 0.000000, 0.000000, 24.682308
06/28/16_11:23:31, 0.000188, 0.000000, 25.659824
06/28/16_11:23:33, 0.000000, 0.000000, 23.704792
06/28/16_11:23:34, 0.000000, 0.000000, 24.682308
06/28/16_11:23:36, 0.000000, 0.000000, 25.659824
06/28/16_11:23:38, 0.000000, 0.000000, 26.637340
06/28/16_11:23:39, 0.000000, 0.000000, 26.637340
06/28/16_11:23:41, 0.000000, 0.000000, 25.659824
06/28/16_11:23:42, 0.000000, 0.000000, 25.659824
06/28/16_11:23:44, 0.000000, 0.000000, 24.682308
06/28/16_11:23:45, 0.000188, 0.000000, 25.659824
06/28/16_11:23:47, 0.000000, 0.000000, 21.749759
06/28/16_11:23:48, 0.000000, 0.000000, 25.659824
06/28/16_11:23:50, 0.000000, 0.000000, 25.659824
06/28/16_11:23:51, 0.000000, 0.000000, 25.659824
06/28/16_11:23:53, 0.000000, 0.000000, 25.659824
06/28/16_11:23:54, 0.000000, 0.000000, 24.682308
06/28/16_11:23:56, 0.000000, 0.000000, 25.659824
06/28/16_11:23:57, 0.000000, 0.000000, 25.659824
06/28/16_11:23:59, 0.000000, 0.000000, 25.659824
06/28/16_11:24:00, 0.000000, 0.000000, 25.659824
06/28/16_11:24:02, 0.000000, 0.000000, 25.659824
06/28/16_11:24:03, 0.000000, 0.000000, 25.659824
06/28/16_11:24:04, 0.000000, 0.000000, 24.682308
06/28/16_11:24:06, 0.000000, 0.000000, 25.659824
06/28/16_11:24:07, 0.000000, 0.000000, 25.659824
06/28/16_11:24:09, 0.000000, 0.000000, 25.659824
06/28/16_11:24:11, 0.000000, 0.000000, 25.659824
06/28/16_11:24:12, 0.000000, 0.000000, 25.659824
06/28/16_11:24:14, 0.000000, 0.000000, 25.659824
06/28/16_11:24:15, 0.000000, 0.000000, 24.682308
06/28/16_11:24:17, 0.000000, 0.000000, 25.659824
06/28/16_11:24:18, 0.000000, 0.000000, 25.659824
06/28/16_11:24:20, 0.000000, 0.000000, 24.682308
06/28/16_11:24:21, 0.000000, 0.000000, 26.637340
06/28/16_11:24:23, 0.000000, 0.000000, 25.659824
06/28/16_11:24:24, 0.000000, 0.000000, 24.682308
06/28/16_11:24:26, 0.000000, 0.000000, 25.659824
06/28/16_11:24:27, 0.000000, 0.000000, 23.704792
06/28/16_11:24:29, 0.000000, 0.000000, 23.704792
06/28/16_11:24:30, 0.000188, 0.000000, 22.727275
06/28/16_11:24:32, 0.000000, 0.000188, 23.704792
06/28/16_11:24:33, 0.000188, 0.000000, 23.704792
06/28/16_11:24:35, 0.000000, 0.000000, 23.704792
06/28/16_11:24:36, 0.000000, 0.000000, 22.727275
06/28/16_11:24:38, 0.000000, 0.000000, 23.704792
06/28/16_11:24:39, 0.000000, 0.000000, 24.682308
06/28/16_11:24:41, 0.000000, 0.000000, 24.682308
06/28/16_11:24:42, 0.000000, 0.000000, 25.659824
06/28/16_11:24:44, 0.000000, 0.000000, 25.659824
06/28/16_11:24:45, 0.000000, 0.000000, 25.659824
06/28/16_11:24:47, 0.000000, 0.000000, 24.682308
06/28/16_11:24:48, 0.000000, 0.000000, 24.682308
06/28/16_11:24:50, 0.000000, 0.000000, 25.659824
06/28/16_11:24:51, 0.000000, 0.000000, 24.682308
06/28/16_11:24:53, 0.000000, 0.000000, 25.659824
06/28/16_11:24:54, 0.000000, 0.000000, 25.659824
06/28/16_11:24:56, 0.000000, 0.000188, 25.659824
06/28/16_11:24:57, 0.000000, 0.000000, 23.704792
06/28/16_11:24:59, 0.000000, 0.000000, 26.637340
06/28/16_11:25:00, 0.000000, 0.000000, 24.682308
06/28/16_11:25:02, 0.000000, 0.000000, 25.659824
06/28/16_11:25:04, 0.000000, 0.000000, 24.682308
06/28/16_11:25:05, 0.000000, 0.000000, 24.682308
06/28/16_11:25:07, 0.000000, 0.000000, 24.682308
06/28/16_11:25:08, 0.000000, 0.000000, 24.682308
06/28/16_11:25:09, 0.000000, 0.000000, 24.682308
06/28/16_11:25:11, 0.000000, 0.000000, 26.637340
06/28/16_11:25:12, 0.000000, 0.000000, 26.637340
06/28/16_11:25:14, 0.000000, 0.000000, 23.704792
06/28/16_11:25:16, 0.000000, 0.000000, 25.659824
06/28/16_11:25:17, 0.000000, 0.000000, 25.659824
06/28/16_11:25:19, 0.000188, 0.000000, 24.682308
06/28/16_11:25:20, 0.000000, 0.000000, 25.659824
06/28/16_11:25:22, 0.000000, 0.000000, 24.682308
06/28/16_11:25:23, 0.000000, 0.000000, 24.682308
06/28/16_11:25:25, 0.000000, 0.000000, 25.659824
06/28/16_11:25:26, 0.000000, 0.000000, 25.659824
06/28/16_11:25:28, 0.000000, 0.000000, 25.659824
06/28/16_11:25:29, 0.000000, 0.000000, 24.682308
06/28/16_11:25:31, 0.000000, 0.000000, 25.659824
06/28/16_11:25:32, 0.000000, 0.000000, 25.659824
06/28/16_11:25:33, 0.000000, 0.000000, 24.682308
06/28/16_11:25:35, 0.000000, 0.000000, 25.659824
06/28/16_11:25:36, 0.000000, 0.000000, 24.682308
06/28/16_11:25:38, 0.000000, 0.000000, 25.659824
06/28/16_11:25:40, 0.000000, 0.000000, 25.659824
06/28/16_11:25:41, 0.000000, 0.000000, 26.637340
06/28/16_11:25:43, 0.000000, 0.000000, 25.659824
06/28/16_11:25:44, 0.000000, 0.000000, 25.659824
06/28/16_11:25:46, 0.000000, 0.000000, 26.637340
06/28/16_11:25:47, 0.000000, 0.000000, 26.637340
06/28/16_11:25:49, 0.000000, 0.000000, 26.637340
06/28/16_11:25:50, 0.000000, 0.000000, 25.659824
06/28/16_11:25:52, 0.000000, 0.000000, 25.659824
06/28/16_11:25:53, 0.000000, 0.000000, 25.659824
06/28/16_11:25:55, 0.000000, 0.000000, 26.637340
06/28/16_11:25:56, 0.000000, 0.000000, 24.682308
06/28/16_11:25:58, 0.000000, 0.000000, 25.659824
06/28/16_11:25:59, 0.000000, 0.000000, 23.704792
06/28/16_11:26:01, 0.000000, 0.000000, 24.682308
06/28/16_11:26:02, 0.000000, 0.000000, 25.659824
06/28/16_11:26:04, 0.000000, 0.000000, 25.659824
06/28/16_11:26:05, 0.000000, 0.000000, 25.659824
06/28/16_11:26:07, 0.000000, 0.000000, 25.659824
06/28/16_11:26:08, 0.000000, 0.000000, 25.659824
06/28/16_11:26:10, 0.000000, 0.000000, 26.637340
06/28/16_11:26:11, 0.000000, 0.000000, 24.682308
06/28/16_11:26:13, 0.000000, 0.000000, 26.637340
06/28/16_11:26:15, 0.000000, 0.000000, 25.659824
06/28/16_11:26:16, 0.000000, 0.000000, 24.682308
06/28/16_11:26:17, 0.000000, 0.000000, 26.637340
06/28/16_11:26:19, 0.000000, 0.000000, 25.659824
06/28/16_11:26:20, 0.000000, 0.000000, 25.659824
06/28/16_11:26:22, 0.000000, 0.000000, 24.682308
06/28/16_11:26:23, 0.000000, 0.000000, 25.659824
06/28/16_11:26:25, 0.000000, 0.000000, 24.682308
06/28/16_11:26:26, 0.000000, 0.000000, 23.704792
06/28/16_11:26:28, 0.000000, 0.000000, 25.659824
06/28/16_11:26:29, 0.000000, 0.000000, 24.682308
06/28/16_11:26:31, 0.000000, 0.000000, 24.682308
06/28/16_11:26:32, 0.000000, 0.000000, 24.682308
06/28/16_11:26:34, 0.000000, 0.000000, 24.682308
06/28/16_11:26:35, 0.000000, 0.000000, 22.727275
06/28/16_11:26:37, 0.000000, 0.000000, 21.749759
06/28/16_11:26:38, 0.000000, 0.000000, 24.682308
06/28/16_11:26:40, 0.000000, 0.000000, 24.682308
06/28/16_11:26:41, 0.000000, 0.000000, 24.682308
06/28/16_11:26:43, 0.000000, 0.000000, 23.704792
06/28/16_11:26:45, 0.000000, 0.000000, 24.682308
06/28/16_11:26:46, 0.000000, 0.000000, 24.682308
06/28/16_11:26:48, 0.000000, 0.000000, 24.682308
06/28/16_11:26:49, 0.000000, 0.000000, 24.682308
06/28/16_11:26:51, 0.000000, 0.000000, 23.704792
06/28/16_11:26:52, 0.000000, 0.000000, 23.704792
06/28/16_11:26:54, 0.000000, 0.000000, 22.727275
06/28/16_11:26:56, 0.000000, 0.000000, 24.682308
06/28/16_11:26:57, 0.000188, 0.000000, 24.682308
06/28/16_11:26:59, 0.000000, 0.000000, 25.659824
06/28/16_11:27:00, 0.000000, 0.000000, 24.682308
06/28/16_11:27:02, 0.000000, 0.000000, 24.682308
06/28/16_11:27:03, 0.000000, 0.000000, 24.682308
06/28/16_11:27:05, 0.000000, 0.000000, 24.682308
06/28/16_11:27:06, 0.000000, 0.000000, 24.682308
06/28/16_11:27:08, 0.000000, 0.000000, 23.704792
06/28/16_11:27:09, 0.000000, 0.000000, 23.704792
06/28/16_11:27:11, 0.000000, 0.000000, 22.727275
06/28/16_11:27:12, 0.000000, 0.000000, 24.682308
06/28/16_11:27:14, 0.000000, 0.000000, 23.704792
06/28/16_11:27:15, 0.000000, 0.000000, 24.682308
06/28/16_11:27:17, 0.000000, 0.000000, 24.682308
06/28/16_11:27:18, 0.000000, 0.000000, 24.682308
06/28/16_11:27:20, 0.000000, 0.000000, 24.682308
06/28/16_11:27:21, 0.000000, 0.000000, 24.682308
06/28/16_11:27:23, 0.000000, 0.000000, 24.682308
06/28/16_11:27:24, 0.000000, 0.000000, 23.704792
06/28/16_11:27:26, 0.000000, 0.000000, 23.704792
06/28/16_11:27:27, 0.000000, 0.000000, 23.704792
06/28/16_11:27:29, 0.000000, 0.000000, 23.704792
06/28/16_11:27:30, 0.000000, 0.000000, 24.682308
06/28/16_11:27:32, 0.000000, 0.000000, 24.682308
06/28/16_11:27:33, 0.000000, 0.000000, 24.682308
06/28/16_11:27:35, 0.000000, 0.000000, 24.682308
06/28/16_11:27:36, 0.000000, 0.000000, 25.659824
06/28/16_11:27:38, 0.000000, 0.000000, 23.704792
06/28/16_11:27:39, 0.000000, 0.000000, 24.682308
06/28/16_11:27:41, 0.000000, 0.000000, 24.682308
06/28/16_11:27:43, 0.000000, 0.000000, 23.704792
06/28/16_11:27:44, 0.000000, 0.000000, 24.682308
06/28/16_11:27:46, 0.000000, 0.000000, 23.704792
06/28/16_11:27:47, 0.000000, 0.000000, 23.704792
06/28/16_11:27:49, 0.000000, 0.000000, 23.704792
06/28/16_11:27:50, 0.000000, 0.000000, 23.704792
06/28/16_11:27:52, 0.000000, 0.000000, 23.704792
06/28/16_11:27:53, 0.000000, 0.000000, 24.682308
06/28/16_11:27:55, 0.000000, 0.000000, 22.727275
06/28/16_11:27:56, 0.000000, 0.000000, 23.704792
06/28/16_11:27:58, 0.000000, 0.000000, 23.704792
06/28/16_11:27:59, 0.000000, 0.000000, 24.682308
06/28/16_11:28:01, 0.000000, 0.000000, 26.637340
06/28/16_11:28:02, 0.000000, 0.000000, 27.614856
06/28/16_11:28:04, 0.000000, 0.000000, 26.637340
06/28/16_11:28:05, 0.000000, 0.000188, 25.659824
06/28/16_11:28:07, 0.000000, 0.000188, 25.659824
06/28/16_11:28:08, 0.006375, 0.001312, 168.377304
06/28/16_11:28:10, 0.000750, 0.000188, 121.456504
06/28/16_11:28:11, 0.000375, 0.000188, 78.445747
06/28/16_11:28:13, 0.000750, 0.000375, 57.917881
06/28/16_11:28:15, 0.000188, 0.000188, 41.300106
06/28/16_11:28:16, 0.000188, 0.000000, 35.434986
06/28/16_11:28:17, 0.000188, 0.000000, 33.479953
06/28/16_11:28:19, 0.000188, 0.000000, 32.502437
06/28/16_11:28:20, 0.000000, 0.000000, 29.569889
06/28/16_11:28:22, 0.000000, 0.000000, 28.592372
06/28/16_11:28:24, 0.000000, 0.000000, 27.614856
06/28/16_11:28:25, 0.000000, 0.000000, 26.637340
06/28/16_11:28:27, 0.000000, 0.000000, 27.614856
06/28/16_11:28:28, 0.000000, 0.000000, 25.659824
06/28/16_11:28:30, 0.000000, 0.000000, 25.659824
06/28/16_11:28:31, 0.000000, 0.000000, 24.682308
06/28/16_11:28:33, 0.000000, 0.000000, 25.659824
06/28/16_11:28:34, 0.000000, 0.000000, 25.659824
06/28/16_11:28:36, 0.000000, 0.000000, 25.659824
06/28/16_11:28:37, 0.000000, 0.000000, 27.614856
06/28/16_11:28:39, 0.000188, 0.000000, 32.502437
06/28/16_11:28:40, 0.000000, 0.000000, 31.524921
06/28/16_11:28:42, 0.000000, 0.000000, 31.524921
06/28/16_11:28:43, 0.000188, 0.000000, 28.592372
06/28/16_11:28:45, 0.000188, 0.000188, 30.547405
06/28/16_11:28:46, 0.000188, 0.000000, 33.479953
06/28/16_11:28:48, 0.000188, 0.000000, 34.457469
06/28/16_11:28:49, 0.000188, 0.000000, 31.524921
06/28/16_11:28:51, 0.000188, 0.000000, 34.457469
06/28/16_11:28:52, 0.000188, 0.000000, 39.345073
06/28/16_11:28:54, 0.000188, 0.000000, 35.434986
06/28/16_11:28:55, 0.000188, 0.000000, 32.502437
06/28/16_11:28:57, 0.000188, 0.000000, 32.502437
06/28/16_11:28:58, 0.000188, 0.000000, 30.547405
06/28/16_11:29:00, 0.000188, 0.000000, 27.614856
06/28/16_11:29:01, 0.000000, 0.000000, 26.637340
06/28/16_11:29:03, 0.000188, 0.000000, 26.637340
06/28/16_11:29:04, 0.000000, 0.000000, 27.614856
06/28/16_11:29:06, 0.000188, 0.000000, 25.659824
06/28/16_11:29:07, 0.000188, 0.000000, 29.569889
06/28/16_11:29:09, 0.000000, 0.000000, 30.547405
06/28/16_11:29:10, 0.000000, 0.000000, 29.569889
06/28/16_11:29:12, 0.000000, 0.000000, 26.637340
06/28/16_11:29:13, 0.000000, 0.000000, 27.614856
06/28/16_11:29:15, 0.000000, 0.000000, 26.637340
06/28/16_11:29:16, 0.000188, 0.000000, 22.727275
06/28/16_11:29:18, 0.000000, 0.000000, 24.682308
06/28/16_11:29:20, 0.000000, 0.000000, 23.704792
06/28/16_11:29:21, 0.000000, 0.000188, 25.659824
06/28/16_11:29:23, 0.000188, 0.000000, 28.592372
06/28/16_11:29:24, 0.000375, 0.000000, 30.547405
06/28/16_11:29:26, 0.000375, 0.000000, 33.479953
06/28/16_11:29:27, 0.000188, 0.000000, 30.547405
06/28/16_11:29:29, 0.000188, 0.000000, 28.592372
06/28/16_11:29:30, 0.000188, 0.000000, 28.592372
06/28/16_11:29:32, 0.000375, 0.000000, 34.457469
06/28/16_11:29:33, 0.000000, 0.000000, 35.434986
06/28/16_11:29:35, 0.000000, 0.000000, 33.479953
06/28/16_11:29:36, 0.000188, 0.000000, 31.524921
06/28/16_11:29:38, 0.000000, 0.000000, 31.524921
06/28/16_11:29:39, 0.000188, 0.000188, 33.479953
06/28/16_11:29:41, 0.000188, 0.000000, 33.479953
06/28/16_11:29:43, 0.000000, 0.000000, 31.524921
06/28/16_11:29:44, 0.000188, 0.000000, 32.502437
06/28/16_11:29:46, 0.000188, 0.000000, 32.502437
06/28/16_11:29:47, 0.000188, 0.000000, 35.434986
06/28/16_11:29:49, 0.000188, 0.000000, 33.479953
06/28/16_11:29:50, 0.000188, 0.000000, 33.479953
06/28/16_11:29:52, 0.000188, 0.000000, 33.479953
06/28/16_11:29:53, 0.000188, 0.000000, 34.457469
06/28/16_11:29:55, 0.000188, 0.000000, 34.457469
06/28/16_11:29:56, 0.000188, 0.000000, 33.479953
06/28/16_11:29:58, 0.000000, 0.000000, 34.457469
06/28/16_11:29:59, 0.000000, 0.000000, 33.479953
06/28/16_11:30:01, 0.000000, 0.000000, 32.502437
06/28/16_11:30:02, 0.000000, 0.000000, 31.524921
06/28/16_11:30:04, 0.000188, 0.000000, 29.569889
06/28/16_11:30:05, 0.000000, 0.000000, 28.592372
06/28/16_11:30:07, 0.000188, 0.000000, 29.569889
06/28/16_11:30:08, 0.000000, 0.000000, 31.524921
06/28/16_11:30:10, 0.000188, 0.000000, 31.524921
06/28/16_11:30:11, 0.000188, 0.000000, 32.502437
06/28/16_11:30:13, 0.000000, 0.000000, 32.502437
06/28/16_11:30:14, 0.000000, 0.000000, 33.479953
06/28/16_11:30:16, 0.000188, 0.000188, 35.434986
06/28/16_11:30:18, 0.000188, 0.000000, 36.412502
06/28/16_11:30:19, 0.000188, 0.000000, 36.412502
06/28/16_11:30:21, 0.000188, 0.000000, 37.390018
06/28/16_11:30:22, 0.000188, 0.000000, 35.434986
06/28/16_11:30:23, 0.000188, 0.000188, 36.412502
06/28/16_11:30:25, 0.000188, 0.000000, 35.434986
06/28/16_11:30:27, 0.000188, 0.000000, 36.412502
06/28/16_11:30:28, 0.000188, 0.000000, 37.390018
06/28/16_11:30:30, 0.000188, 0.000188, 35.434986
06/28/16_11:30:31, 0.000188, 0.000000, 35.434986
06/28/16_11:30:33, 0.000188, 0.000000, 35.434986
06/28/16_11:30:34, 0.000000, 0.000000, 34.457469
06/28/16_11:30:36, 0.000188, 0.000188, 35.434986
06/28/16_11:30:37, 0.000188, 0.000000, 34.457469
06/28/16_11:30:39, 0.000188, 0.000000, 36.412502
06/28/16_11:30:40, 0.000188, 0.000000, 36.412502
06/28/16_11:30:42, 0.000188, 0.000188, 34.457469
06/28/16_11:30:43, 0.000188, 0.000000, 35.434986
06/28/16_11:30:45, 0.000188, 0.000000, 36.412502
06/28/16_11:30:46, 0.000188, 0.000000, 36.412502
06/28/16_11:30:48, 0.000000, 0.000000, 34.457469
06/28/16_11:30:49, 0.000188, 0.000000, 33.479953
06/28/16_11:30:51, 0.000188, 0.000000, 30.547405
06/28/16_11:30:52, 0.000000, 0.000000, 31.524921
06/28/16_11:30:54, 0.000188, 0.000000, 31.524921
06/28/16_11:30:55, 0.000000, 0.000000, 30.547405
06/28/16_11:30:57, 0.000188, 0.000000, 30.547405
06/28/16_11:30:58, 0.000188, 0.000188, 30.547405
06/28/16_11:31:00, 0.000188, 0.000000, 31.524921
06/28/16_11:31:01, 0.000188, 0.000000, 31.524921
06/28/16_11:31:03, 0.000188, 0.000000, 32.502437
06/28/16_11:31:04, 0.000188, 0.000000, 31.524921
06/28/16_11:31:06, 0.000188, 0.000000, 32.502437
06/28/16_11:31:07, 0.000188, 0.000000, 30.547405
06/28/16_11:31:09, 0.000188, 0.000000, 31.524921
06/28/16_11:31:11, 0.001125, 0.000188, 30.547405
06/28/16_11:31:12, 0.001312, 0.000188, 34.457469
06/28/16_11:31:14, 0.000750, 0.000188, 37.390018
06/28/16_11:31:15, 0.000188, 0.000188, 35.434986
06/28/16_11:31:17, 0.000188, 0.000188, 35.434986
06/28/16_11:31:18, 0.000000, 0.000000, 32.502437
06/28/16_11:31:20, 0.000000, 0.000000, 32.502437
06/28/16_11:31:21, 0.000188, 0.000188, 32.502437
06/28/16_11:31:23, 0.000750, 0.000188, 37.390018
06/28/16_11:31:24, 0.009938, 0.002813, 353.128051
06/28/16_11:31:26, 0.002437, 0.000937, 192.815261
06/28/16_11:31:27, 0.001312, 0.000375, 118.523956
06/28/16_11:31:29, 0.000562, 0.000188, 76.490715
06/28/16_11:31:30, 0.000562, 0.000188, 65.738037
06/28/16_11:31:32, 0.000188, 0.000188, 52.052783
06/28/16_11:31:33, 0.000188, 0.000188, 43.255138
06/28/16_11:31:35, 0.000188, 0.000188, 42.277622
06/28/16_11:31:36, 0.000188, 0.000000, 42.277622
06/28/16_11:31:38, 0.000188, 0.000000, 41.300106
06/28/16_11:31:39, 0.000188, 0.000000, 40.322589
06/28/16_11:31:41, 0.000188, 0.000188, 40.322589
06/28/16_11:31:42, 0.000188, 0.000000, 39.345073
06/28/16_11:31:44, 0.000188, 0.000188, 38.367557
06/28/16_11:31:46, 0.000188, 0.000000, 36.412502
06/28/16_11:31:47, 0.000188, 0.000000, 36.412502
06/28/16_11:31:49, 0.000188, 0.000000, 36.412502
06/28/16_11:31:50, 0.000000, 0.000000, 35.434986
06/28/16_11:31:52, 0.000188, 0.000188, 36.412502
06/28/16_11:31:53, 0.000000, 0.000000, 36.412502
06/28/16_11:31:55, 0.000188, 0.000188, 36.412502
06/28/16_11:31:56, 0.000000, 0.000000, 33.479953
06/28/16_11:31:58, 0.000000, 0.000000, 31.524921
06/28/16_11:31:59, 0.000000, 0.000000, 31.524921
06/28/16_11:32:01, 0.000000, 0.000000, 31.524921
06/28/16_11:32:03, 0.000000, 0.000000, 31.524921
06/28/16_11:32:04, 0.000188, 0.000000, 32.502437
06/28/16_11:32:06, 0.000000, 0.000000, 32.502437
06/28/16_11:32:07, 0.000000, 0.000000, 31.524921
06/28/16_11:32:09, 0.000000, 0.000000, 30.547405
06/28/16_11:32:10, 0.000000, 0.000000, 29.569889
06/28/16_11:32:12, 0.000188, 0.000188, 34.457469
06/28/16_11:32:13, 0.000000, 0.000000, 34.457469
06/28/16_11:32:15, 0.000000, 0.000000, 32.502437
06/28/16_11:32:16, 0.000188, 0.000000, 34.457469
06/28/16_11:32:18, 0.000375, 0.000188, 37.390018
06/28/16_11:32:19, 0.001312, 0.000188, 45.210170
06/28/16_11:32:21, 0.000750, 0.000188, 59.872913
06/28/16_11:32:22, 0.000188, 0.000188, 50.097751
06/28/16_11:32:24, 0.000188, 0.000188, 43.255138
06/28/16_11:32:25, 0.000188, 0.000188, 37.390018
06/28/16_11:32:27, 0.000000, 0.000000, 35.434986
06/28/16_11:32:28, 0.000000, 0.000000, 34.457469
06/28/16_11:32:30, 0.000562, 0.000188, 36.412502
06/28/16_11:32:31, 0.001312, 0.000375, 83.333328
06/28/16_11:32:32, 0.000562, 0.000188, 70.625617
06/28/16_11:32:34, 0.000188, 0.000188, 55.962848
06/28/16_11:32:35, 0.000188, 0.000188, 48.142719
06/28/16_11:32:37, 0.000000, 0.000188, 42.277622
06/28/16_11:32:38, 0.000188, 0.000000, 37.390018
06/28/16_11:32:40, 0.000188, 0.000188, 39.345073
06/28/16_11:32:41, 0.000188, 0.000188, 39.345073
06/28/16_11:32:43, 0.000188, 0.000188, 40.322589
06/28/16_11:32:44, 0.000000, 0.000000, 37.390018
06/28/16_11:32:46, 0.000000, 0.000000, 36.412502
06/28/16_11:32:47, 0.000188, 0.000000, 38.367557
06/28/16_11:32:49, 0.000188, 0.000188, 41.300106
06/28/16_11:32:51, 0.000000, 0.000000, 41.300106
06/28/16_11:32:52, 0.000188, 0.000188, 37.390018
06/28/16_11:32:54, 0.000188, 0.000000, 39.345073
06/28/16_11:32:55, 0.000188, 0.000000, 38.367557
06/28/16_11:32:57, 0.000000, 0.000000, 37.390018
06/28/16_11:32:58, 0.000188, 0.000000, 36.412502
06/28/16_11:33:00, 0.000000, 0.000000, 33.479953
06/28/16_11:33:01, 0.000188, 0.000000, 35.434986
06/28/16_11:33:03, 0.000188, 0.000000, 35.434986
06/28/16_11:33:04, 0.000188, 0.000000, 35.434986
06/28/16_11:33:06, 0.000188, 0.000000, 33.479953
06/28/16_11:33:07, 0.000188, 0.000188, 34.457469
06/28/16_11:33:09, 0.000188, 0.000000, 37.390018
06/28/16_11:33:10, 0.000000, 0.000000, 36.412502
06/28/16_11:33:12, 0.000188, 0.000000, 35.434986
06/28/16_11:33:13, 0.000188, 0.000000, 34.457469
06/28/16_11:33:15, 0.000188, 0.000000, 34.457469
06/28/16_11:33:16, 0.000188, 0.000000, 33.479953
06/28/16_11:33:18, 0.000188, 0.000000, 33.479953
06/28/16_11:33:19, 0.000000, 0.000188, 35.434986
06/28/16_11:33:21, 0.000188, 0.000000, 36.412502
06/28/16_11:33:22, 0.000188, 0.000188, 38.367557
06/28/16_11:33:24, 0.000000, 0.000188, 38.367557
06/28/16_11:33:26, 0.000188, 0.000188, 37.390018
06/28/16_11:33:27, 0.000188, 0.000188, 37.390018
06/28/16_11:33:29, 0.000188, 0.000000, 37.390018
06/28/16_11:33:30, 0.000188, 0.000188, 37.390018
06/28/16_11:33:32, 0.000000, 0.000000, 35.434986
06/28/16_11:33:33, 0.000000, 0.000000, 35.434986
06/28/16_11:33:34, 0.000188, 0.000000, 38.367557
06/28/16_11:33:36, 0.000188, 0.000000, 39.345073
06/28/16_11:33:37, 0.000188, 0.000188, 40.322589
06/28/16_11:33:39, 0.000000, 0.000000, 38.367557
06/28/16_11:33:40, 0.000000, 0.000000, 35.434986
06/28/16_11:33:42, 0.000000, 0.000000, 35.434986
06/28/16_11:33:43, 0.000000, 0.000000, 33.479953
06/28/16_11:33:45, 0.000188, 0.000000, 38.367557
06/28/16_11:33:46, 0.000188, 0.000188, 38.367557
06/28/16_11:33:48, 0.000188, 0.000000, 38.367557
06/28/16_11:33:49, 0.000188, 0.000000, 36.412502
06/28/16_11:33:51, 0.000188, 0.000000, 37.390018
06/28/16_11:33:52, 0.000188, 0.000000, 37.390018
06/28/16_11:33:54, 0.000188, 0.000188, 40.322589
06/28/16_11:33:56, 0.000000, 0.000000, 39.345073
06/28/16_11:33:57, 0.000188, 0.000000, 36.412502
06/28/16_11:33:58, 0.000000, 0.000000, 36.412502
06/28/16_11:34:00, 0.000000, 0.000000, 33.479953
06/28/16_11:34:01, 0.000188, 0.000000, 32.502437
06/28/16_11:34:03, 0.000188, 0.000000, 33.479953
06/28/16_11:34:04, 0.000188, 0.000000, 32.502437
06/28/16_11:34:06, 0.000000, 0.000000, 33.479953
06/28/16_11:34:07, 0.000188, 0.000000, 33.479953
06/28/16_11:34:09, 0.000000, 0.000000, 32.502437
06/28/16_11:34:10, 0.000000, 0.000000, 33.479953
06/28/16_11:34:12, 0.000000, 0.000000, 32.502437
06/28/16_11:34:13, 0.000000, 0.000000, 32.502437
06/28/16_11:34:15, 0.000000, 0.000000, 30.547405
06/28/16_11:34:17, 0.000188, 0.000000, 31.524921
06/28/16_11:34:18, 0.000188, 0.000000, 31.524921
06/28/16_11:34:19, 0.000188, 0.000000, 33.479953
06/28/16_11:34:21, 0.000188, 0.000000, 33.479953
06/28/16_11:34:22, 0.000188, 0.000000, 32.502437
06/28/16_11:34:24, 0.000188, 0.000000, 33.479953
06/28/16_11:34:26, 0.000188, 0.000000, 34.457469
06/28/16_11:34:27, 0.000188, 0.000000, 34.457469
06/28/16_11:34:29, 0.000188, 0.000000, 33.479953
06/28/16_11:34:30, 0.000188, 0.000000, 35.434986
06/28/16_11:34:32, 0.000000, 0.000000, 35.434986
06/28/16_11:34:33, 0.000188, 0.000000, 35.434986
06/28/16_11:34:35, 0.000188, 0.000000, 36.412502
06/28/16_11:34:36, 0.000000, 0.000000, 36.412502
06/28/16_11:34:38, 0.000188, 0.000000, 36.412502
06/28/16_11:34:39, 0.000188, 0.000000, 35.434986
06/28/16_11:34:41, 0.000188, 0.000188, 34.457469
06/28/16_11:34:42, 0.000188, 0.000000, 35.434986
06/28/16_11:34:44, 0.000188, 0.000188, 35.434986
06/28/16_11:34:45, 0.000188, 0.000000, 37.390018
06/28/16_11:34:47, 0.000188, 0.000000, 36.412502
06/28/16_11:34:48, 0.000188, 0.000000, 34.457469
06/28/16_11:34:50, 0.000188, 0.000188, 35.434986
06/28/16_11:34:51, 0.000000, 0.000000, 35.434986
06/28/16_11:34:53, 0.000188, 0.000000, 34.457469
06/28/16_11:34:54, 0.000375, 0.000000, 34.457469
06/28/16_11:34:56, 0.000375, 0.000000, 34.457469
06/28/16_11:34:57, 0.000188, 0.000000, 33.479953
06/28/16_11:34:59, 0.000188, 0.000188, 35.434986
06/28/16_11:35:00, 0.000375, 0.000188, 33.479953
06/28/16_11:35:02, 0.000188, 0.000000, 36.412502
06/28/16_11:35:03, 0.000188, 0.000000, 35.434986
06/28/16_11:35:05, 0.000188, 0.000000, 36.412502
06/28/16_11:35:06, 0.000188, 0.000000, 36.412502
06/28/16_11:35:08, 0.000188, 0.000000, 36.412502
06/28/16_11:35:09, 0.000375, 0.000000, 35.434986
06/28/16_11:35:11, 0.000188, 0.000000, 36.412502
06/28/16_11:35:12, 0.000375, 0.000000, 36.412502
06/28/16_11:35:14, 0.000375, 0.000000, 36.412502
06/28/16_11:35:15, 0.000375, 0.000000, 35.434986
06/28/16_11:35:17, 0.000188, 0.000000, 35.434986
06/28/16_11:35:18, 0.000188, 0.000000, 36.412502
06/28/16_11:35:20, 0.000188, 0.000188, 34.457469
06/28/16_11:35:21, 0.000188, 0.000000, 37.390018
06/28/16_11:35:23, 0.000562, 0.000188, 40.322589
06/28/16_11:35:24, 0.002625, 0.000188, 109.726287
06/28/16_11:35:26, 0.000562, 0.000188, 88.220932
06/28/16_11:35:27, 0.000188, 0.000000, 65.738037
06/28/16_11:35:29, 0.000188, 0.000000, 49.120235
06/28/16_11:35:30, 0.000188, 0.000000, 43.255138
06/28/16_11:35:32, 0.000188, 0.000000, 43.255138
06/28/16_11:35:33, 0.001500, 0.000188, 74.535682
06/28/16_11:35:35, 0.000375, 0.000188, 80.400779
06/28/16_11:35:36, 0.000188, 0.000000, 66.715553
06/28/16_11:35:38, 0.000188, 0.000000, 51.075267
06/28/16_11:35:39, 0.000188, 0.000000, 45.210170
06/28/16_11:35:41, 0.000000, 0.000000, 41.300106
06/28/16_11:35:43, 0.000188, 0.000000, 40.322589
06/28/16_11:35:44, 0.000188, 0.000000, 39.345073
06/28/16_11:35:46, 0.000188, 0.000000, 38.367557
06/28/16_11:35:47, 0.000188, 0.000000, 37.390018
06/28/16_11:35:49, 0.000188, 0.000000, 36.412502
06/28/16_11:35:51, 0.000000, 0.000188, 36.412502
06/28/16_11:35:52, 0.000188, 0.000000, 37.390018
06/28/16_11:35:54, 0.000000, 0.000000, 38.367557
06/28/16_11:35:55, 0.000000, 0.000000, 37.390018
06/28/16_11:35:57, 0.000188, 0.000000, 38.367557
06/28/16_11:35:58, 0.000188, 0.000000, 38.367557
06/28/16_11:36:00, 0.000188, 0.000188, 37.390018
06/28/16_11:36:01, 0.000188, 0.000000, 37.390018
06/28/16_11:36:03, 0.000000, 0.000000, 38.367557
06/28/16_11:36:04, 0.000188, 0.000000, 38.367557
06/28/16_11:36:06, 0.000188, 0.000000, 39.345073
06/28/16_11:36:07, 0.000188, 0.000188, 39.345073
06/28/16_11:36:09, 0.000188, 0.000188, 38.367557
06/28/16_11:36:10, 0.000188, 0.000188, 38.367557
06/28/16_11:36:12, 0.000000, 0.000000, 38.367557
06/28/16_11:36:13, 0.000000, 0.000000, 39.345073
06/28/16_11:36:15, 0.000188, 0.000000, 39.345073
06/28/16_11:36:16, 0.000000, 0.000000, 37.390018
06/28/16_11:36:18, 0.000000, 0.000188, 37.390018
06/28/16_11:36:19, 0.000188, 0.000000, 37.390018
06/28/16_11:36:21, 0.000188, 0.000000, 38.367557
06/28/16_11:36:22, 0.000188, 0.000000, 35.434986
06/28/16_11:36:23, 0.000000, 0.000000, 37.390018
06/28/16_11:36:25, 0.000000, 0.000000, 37.390018
06/28/16_11:36:27, 0.000188, 0.000000, 35.434986
06/28/16_11:36:28, 0.000000, 0.000000, 36.412502
06/28/16_11:36:30, 0.000000, 0.000000, 36.412502
06/28/16_11:36:31, 0.000188, 0.000000, 37.390018
06/28/16_11:36:32, 0.000188, 0.000000, 42.277622
06/28/16_11:36:34, 0.000188, 0.000000, 42.277622
06/28/16_11:36:35, 0.000937, 0.000188, 58.895397
06/28/16_11:36:37, 0.000188, 0.000000, 59.872913
06/28/16_11:36:38, 0.000188, 0.000000, 47.165203
06/28/16_11:36:40, 0.000000, 0.000000, 44.232654
06/28/16_11:36:42, 0.000000, 0.000000, 39.345073
06/28/16_11:36:43, 0.000188, 0.000000, 42.277622
06/28/16_11:36:45, 0.000188, 0.000000, 39.345073
06/28/16_11:36:46, 0.000000, 0.000000, 38.367557
06/28/16_11:36:48, 0.000000, 0.000000, 38.367557
06/28/16_11:36:49, 0.000188, 0.000000, 37.390018
06/28/16_11:36:51, 0.000000, 0.000000, 36.412502
06/28/16_11:36:52, 0.000188, 0.000000, 37.390018
06/28/16_11:36:54, 0.000000, 0.000000, 36.412502
06/28/16_11:36:56, 0.000000, 0.000000, 33.479953
06/28/16_11:36:57, 0.000000, 0.000000, 33.479953
06/28/16_11:36:59, 0.000000, 0.000000, 34.457469
06/28/16_11:37:01, 0.000188, 0.000000, 33.479953
06/28/16_11:37:02, 0.000000, 0.000000, 29.569889
06/28/16_11:37:04, 0.000000, 0.000000, 27.614856
06/28/16_11:37:05, 0.000000, 0.000000, 26.637340
06/28/16_11:37:07, 0.000000, 0.000000, 25.659824
06/28/16_11:37:08, 0.000000, 0.000000, 26.637340
06/28/16_11:37:10, 0.000000, 0.000000, 26.637340
06/28/16_11:37:11, 0.000000, 0.000000, 26.637340
06/28/16_11:37:13, 0.000000, 0.000000, 25.659824
06/28/16_11:37:14, 0.000000, 0.000000, 25.659824
06/28/16_11:37:16, -0.000188, 0.000000, 25.659824
06/28/16_11:37:17, 0.000000, 0.000000, 25.659824
06/28/16_11:37:19, -0.000188, 0.000000, 25.659824
06/28/16_11:37:20, 0.000000, 0.000000, 25.659824
06/28/16_11:37:22, 0.000000, 0.000000, 25.659824
06/28/16_11:37:23, 0.000000, 0.000000, 23.704792
06/28/16_11:37:25, 0.000000, 0.000000, 23.704792
06/28/16_11:37:27, 0.000000, 0.000000, 24.682308
06/28/16_11:37:28, 0.000000, 0.000000, 24.682308
06/28/16_11:37:30, 0.000000, 0.000000, 26.637340
06/28/16_11:37:32, 0.000000, 0.000000, 26.637340
06/28/16_11:37:33, 0.000000, 0.000000, 27.614856
06/28/16_11:37:35, 0.000000, 0.000000, 27.614856
06/28/16_11:37:36, 0.000000, 0.000000, 27.614856
06/28/16_11:37:38, 0.000000, 0.000000, 27.614856
06/28/16_11:37:39, 0.000000, 0.000000, 28.592372
06/28/16_11:37:41, 0.000000, 0.000000, 27.614856
06/28/16_11:37:42, 0.000000, 0.000000, 27.614856
06/28/16_11:37:44, 0.000000, 0.000000, 28.592372
06/28/16_11:37:45, 0.000000, 0.000000, 27.614856
06/28/16_11:37:47, 0.000000, 0.000000, 25.659824
06/28/16_11:37:48, 0.000188, 0.000000, 27.614856
06/28/16_11:37:50, 0.000000, 0.000000, 27.614856
06/28/16_11:37:51, 0.000000, 0.000000, 24.682308
06/28/16_11:37:53, 0.000000, 0.000000, 25.659824
06/28/16_11:37:54, 0.000000, 0.000000, 26.637340
06/28/16_11:37:56, 0.000000, 0.000000, 27.614856
06/28/16_11:37:57, 0.000000, 0.000000, 26.637340
06/28/16_11:37:59, 0.000000, 0.000000, 26.637340
06/28/16_11:38:00, 0.000000, 0.000000, 25.659824
06/28/16_11:38:02, 0.000000, 0.000000, 25.659824
06/28/16_11:38:03, 0.000000, 0.000000, 24.682308
06/28/16_11:38:05, 0.000000, 0.000000, 25.659824
06/28/16_11:38:06, 0.000375, 0.000000, 24.682308
06/28/16_11:38:08, 0.000562, 0.000000, 26.637340
06/28/16_11:38:09, 0.000375, 0.000000, 23.704792
06/28/16_11:38:11, 0.001875, 0.000188, 88.220932
06/28/16_11:38:12, 0.008625, 0.006187, 279.814300
06/28/16_11:38:14, 0.008062, 0.008250, 245.601181
06/28/16_11:38:16, 0.006750, 0.007875, 166.422271
06/28/16_11:38:17, 0.001875, 0.003000, 98.973609
06/28/16_11:38:19, 0.000937, 0.001125, 70.625617
06/28/16_11:38:20, 0.000562, 0.000562, 56.940364
06/28/16_11:38:22, 0.000562, 0.000375, 57.917881
06/28/16_11:38:23, 0.000562, 0.000375, 59.872913
06/28/16_11:38:25, 0.000562, 0.000750, 67.693069
06/28/16_11:38:26, 0.000562, 0.001125, 90.175964
06/28/16_11:38:28, 0.000750, 0.001500, 114.613891
06/28/16_11:38:29, 0.001312, 0.002437, 143.939407
06/28/16_11:38:31, 0.001687, 0.001875, 165.444763
06/28/16_11:38:32, 0.001125, 0.001500, 142.961883
06/28/16_11:38:34, 0.001125, 0.001312, 141.984375
06/28/16_11:38:36, 0.002625, 0.001687, 181.085067
06/28/16_11:38:37, 0.005625, 0.002625, 242.668640
06/28/16_11:38:39, 0.003562, 0.003375, 221.163223
06/28/16_11:38:40, 0.003750, 0.002813, 180.107543
06/28/16_11:38:42, 0.004125, 0.003938, 211.388061
06/28/16_11:38:43, 0.003750, 0.006375, 253.421310
06/28/16_11:38:45, 0.006750, 0.008250, 322.825012
06/28/16_11:38:46, 0.009562, 0.007688, 435.239501
06/28/16_11:38:48, 0.005250, 0.005437, 377.566009
06/28/16_11:38:49, 0.006375, 0.010313, 453.812316
06/28/16_11:38:51, 0.005625, 0.005813, 388.318695
06/28/16_11:38:53, 0.004125, 0.004125, 257.331390
06/28/16_11:38:54, 0.009000, 0.007688, 418.621704
06/28/16_11:38:55, 0.010313, 0.012000, 463.587493
06/28/16_11:38:57, 0.010125, 0.012000, 465.542510
06/28/16_11:38:58, 0.004312, 0.005813, 352.150543
06/28/16_11:39:00, 0.001125, 0.001875, 181.085067
06/28/16_11:39:02, 0.000750, 0.000937, 117.546440
06/28/16_11:39:03, 0.000562, 0.000562, 79.423263
06/28/16_11:39:05, 0.000562, 0.000562, 64.760520
06/28/16_11:39:06, 0.000375, 0.000562, 54.007816
06/28/16_11:39:08, 0.000188, 0.000375, 54.007816
06/28/16_11:39:10, 0.000188, 0.000375, 49.120235
06/28/16_11:39:11, 0.000000, 0.000375, 45.210170
06/28/16_11:39:13, 0.000000, 0.000188, 37.390018
06/28/16_11:39:14, 0.000188, 0.000188, 43.255138
06/28/16_11:39:16, 0.000188, 0.000188, 37.390018
06/28/16_11:39:17, 0.000000, 0.000188, 36.412502
06/28/16_11:39:18, 0.000188, 0.000188, 33.479953
06/28/16_11:39:20, 0.000000, 0.000188, 33.479953
06/28/16_11:39:22, 0.000000, 0.000188, 33.479953
06/28/16_11:39:23, 0.000000, 0.000188, 35.434986
06/28/16_11:39:25, 0.000188, 0.000188, 33.479953
06/28/16_11:39:26, 0.000188, 0.000188, 32.502437
06/28/16_11:39:28, -0.000188, 0.000000, 33.479953
06/28/16_11:39:29, -0.000188, 0.000000, 32.502437
06/28/16_11:39:31, 0.000375, 0.000188, 54.985332
06/28/16_11:39:32, 0.000562, 0.000188, 69.648101
06/28/16_11:39:34, 0.000750, 0.000188, 88.220932
06/28/16_11:39:35, 0.001312, 0.000188, 107.771255
06/28/16_11:39:37, 0.001687, 0.000375, 125.366569
06/28/16_11:39:38, 0.001875, 0.000562, 140.029342
06/28/16_11:39:40, 0.002813, 0.000750, 171.309860
06/28/16_11:39:41, 0.003187, 0.000937, 200.635391
06/28/16_11:39:43, 0.003375, 0.001875, 236.803543
06/28/16_11:39:44, 0.003562, 0.004500, 255.376342
06/28/16_11:39:46, 0.003375, 0.004125, 287.634429
06/28/16_11:39:48, 0.004312, 0.003938, 303.274688
06/28/16_11:39:49, 0.004500, 0.004875, 317.937438
06/28/16_11:39:50, 0.001312, 0.002625, 253.421310
06/28/16_11:39:52, 0.000375, 0.000937, 140.029342
06/28/16_11:39:53, 0.009750, 0.007875, 266.129028
06/28/16_11:39:55, 0.011250, 0.009562, 444.037170
06/28/16_11:39:57, 0.012375, 0.011812, 475.317687
06/28/16_11:39:58, 0.010500, 0.009750, 401.026397
06/28/16_11:40:00, 0.004875, 0.007312, 371.700866
06/28/16_11:40:01, 0.001687, 0.002625, 203.567932
06/28/16_11:40:03, 0.000750, 0.000937, 126.344085
06/28/16_11:40:04, 0.000750, 0.000375, 92.130996
06/28/16_11:40:05, 0.001687, 0.000562, 108.748771
06/28/16_11:40:07, 0.005813, 0.004688, 316.959899
06/28/16_11:40:08, 0.004688, 0.004875, 364.858245
06/28/16_11:40:10, 0.005437, 0.008813, 403.958953
06/28/16_11:40:12, 0.002813, 0.003187, 348.240478
06/28/16_11:40:13, 0.005437, 0.003750, 306.207244
06/28/16_11:40:15, 0.006937, 0.006187, 392.228759
06/28/16_11:40:16, 0.006375, 0.004125, 372.678375
06/28/16_11:40:18, 0.007125, 0.009000, 385.386138
06/28/16_11:40:19, 0.005250, 0.009375, 344.330413
06/28/16_11:40:21, 0.007125, 0.007688, 367.790802
06/28/16_11:40:22, 0.006750, 0.006375, 397.116333
06/28/16_11:40:24, 0.003938, 0.003000, 302.297180
06/28/16_11:40:25, 0.001125, 0.000937, 193.792770
06/28/16_11:40:27, 0.001125, 0.000375, 134.164215
06/28/16_11:40:28, 0.000750, 0.000375, 116.568923
06/28/16_11:40:30, 0.000375, 0.000188, 99.951126
06/28/16_11:40:31, 0.000188, 0.000188, 86.265876
06/28/16_11:40:33, 0.000188, 0.000188, 76.490715
06/28/16_11:40:35, 0.000188, 0.000188, 80.400779
06/28/16_11:40:36, 0.000000, 0.000188, 74.535682
06/28/16_11:40:38, 0.000000, 0.000188, 69.648101
06/28/16_11:40:39, 0.000188, 0.000188, 68.670585
06/28/16_11:40:41, 0.000562, 0.000188, 82.355812
06/28/16_11:40:42, 0.001875, 0.000375, 134.164215
06/28/16_11:40:44, 0.003938, 0.001312, 187.927673
06/28/16_11:40:46, 0.002437, 0.001125, 208.455520
06/28/16_11:40:47, 0.001312, 0.000562, 136.119247
06/28/16_11:40:49, 0.000750, 0.000375, 106.793739
06/28/16_11:40:50, 0.000562, 0.000375, 99.951126
06/28/16_11:40:52, 0.001312, 0.000375, 129.276641
06/28/16_11:40:54, 0.001687, 0.000562, 161.534698
06/28/16_11:40:55, 0.000375, 0.000375, 122.434020
06/28/16_11:40:57, 0.000188, 0.000375, 92.130996
06/28/16_11:40:58, 0.000375, 0.000375, 91.153480
06/28/16_11:41:00, 0.000375, 0.000188, 83.333328
06/28/16_11:41:01, 0.000000, 0.000188, 82.355812
06/28/16_11:41:03, 0.000188, 0.000188, 77.468231
06/28/16_11:41:04, 0.000188, 0.000188, 83.333328
06/28/16_11:41:06, 0.000188, 0.000188, 77.468231
06/28/16_11:41:07, 0.000188, 0.000188, 77.468231
06/28/16_11:41:09, 0.000188, 0.000188, 75.513198
06/28/16_11:41:10, 0.000188, 0.000188, 79.423263
06/28/16_11:41:12, 0.000188, 0.000188, 76.490715
06/28/16_11:41:14, 0.000000, 0.000188, 72.580650
06/28/16_11:41:15, 0.000000, 0.000188, 73.558166
06/28/16_11:41:17, 0.000375, 0.000000, 90.175964
06/28/16_11:41:18, 0.000188, 0.000000, 80.400779
06/28/16_11:41:20, 0.000188, 0.000188, 79.423263
06/28/16_11:41:21, 0.000188, 0.000188, 80.400779
06/28/16_11:41:23, 0.000188, 0.000188, 83.333328
06/28/16_11:41:24, 0.000188, 0.000188, 84.310844
06/28/16_11:41:25, 0.000188, 0.000188, 83.333328
06/28/16_11:41:27, 0.000188, 0.000188, 82.355812
06/28/16_11:41:29, 0.000188, 0.000188, 87.243392
06/28/16_11:41:30, 0.000188, 0.000188, 85.288360
06/28/16_11:41:32, 0.000375, 0.000188, 88.220932
06/28/16_11:41:33, 0.000375, 0.000188, 89.198448
06/28/16_11:41:35, 0.000188, 0.000188, 89.198448
06/28/16_11:41:36, 0.000188, 0.000188, 86.265876
06/28/16_11:41:38, 0.000188, 0.000188, 86.265876
06/28/16_11:41:39, 0.000188, 0.000188, 85.288360
06/28/16_11:41:41, 0.000188, 0.000188, 84.310844
06/28/16_11:41:42, 0.006562, 0.008625, 272.971649
06/28/16_11:41:44, 0.010125, 0.013125, 446.969696
06/28/16_11:41:45, 0.007500, 0.009000, 405.913970
06/28/16_11:41:47, 0.001125, 0.001875, 204.545455
06/28/16_11:41:49, 0.002062, 0.003938, 168.377304
06/28/16_11:41:50, 0.004688, 0.005625, 274.926666
06/28/16_11:41:51, 0.008625, 0.007312, 345.307922
06/28/16_11:41:53, 0.005625, 0.008062, 301.319641
06/28/16_11:41:54, 0.002437, 0.004312, 242.668640
06/28/16_11:41:56, 0.000937, 0.001687, 165.444763
06/28/16_11:41:57, 0.006375, 0.005063, 204.545455
06/28/16_11:41:59, 0.009750, 0.007125, 327.712646
06/28/16_11:42:00, 0.010313, 0.007125, 367.790802
06/28/16_11:42:02, 0.006187, 0.008062, 277.859252
06/28/16_11:42:03, 0.006750, 0.009187, 297.409576
06/28/16_11:42:05, 0.009562, 0.010125, 471.407623
06/28/16_11:42:07, 0.003562, 0.004688, 238.758575
06/28/16_11:42:08, 0.004875, 0.005625, 416.666656
06/28/16_11:42:10, 0.011063, 0.012937, 569.159301
06/28/16_11:42:11, 0.002250, 0.004875, 326.735107
06/28/16_11:42:13, 0.000375, 0.002062, 204.545455
06/28/16_11:42:14, 0.000000, 0.000937, 129.276641
06/28/16_11:42:16, 0.003187, 0.001875, 197.702835
06/28/16_11:42:17, 0.004875, 0.003375, 291.544494
06/28/16_11:42:19, 0.005625, 0.004125, 301.319641
06/28/16_11:42:21, 0.004688, 0.003562, 300.342132
06/28/16_11:42:22, 0.000937, 0.001500, 186.950164
06/28/16_11:42:23, 0.000000, 0.000937, 124.389053
06/28/16_11:42:25, 0.000000, 0.000562, 112.658836
06/28/16_11:42:26, 0.000000, 0.000562, 107.771255
06/28/16_11:42:28, 0.000000, 0.000375, 104.838706
06/28/16_11:42:29, -0.000188, 0.000188, 98.973609
06/28/16_11:42:31, -0.000188, 0.000375, 89.198448
06/28/16_11:42:32, 0.000000, 0.000188, 87.243392
06/28/16_11:42:34, 0.000188, 0.000375, 96.041061
06/28/16_11:42:35, 0.001875, 0.000750, 175.219924
06/28/16_11:42:37, 0.001125, 0.000750, 162.512207
06/28/16_11:42:38, 0.000750, 0.000750, 146.871948
06/28/16_11:42:40, 0.000000, 0.000562, 111.681320
06/28/16_11:42:41, 0.000000, 0.000375, 97.018577
06/28/16_11:42:43, -0.000188, 0.000375, 96.041061
06/28/16_11:42:44, 0.000000, 0.000375, 97.996093
06/28/16_11:42:46, 0.000000, 0.000188, 97.018577
06/28/16_11:42:47, -0.000188, -0.000375, 85.288360
06/28/16_11:42:49, -0.000750, 0.000000, 60.850429
06/28/16_11:42:50, -0.000937, 0.000188, 42.277622
06/28/16_11:42:52, -0.000937, 0.000375, 36.412502
06/28/16_11:42:53, -0.001125, 0.000188, 33.479953
06/28/16_11:42:55, -0.000937, 0.000562, 33.479953
06/28/16_11:42:56, -0.000750, 0.000375, 33.479953
06/28/16_11:42:58, -0.000562, 0.000375, 36.412502
06/28/16_11:42:59, -0.000562, 0.000562, 36.412502
06/28/16_11:43:01, -0.000562, 0.000562, 36.412502
06/28/16_11:43:02, -0.000937, 0.001312, 35.434986
06/28/16_11:43:04, -0.000937, 0.000562, 34.457469
06/28/16_11:43:05, -0.000937, 0.000000, 32.502437
06/28/16_11:43:07, -0.000937, 0.000188, 32.502437
06/28/16_11:43:08, -0.000375, 0.000188, 32.502437
06/28/16_11:43:10, -0.000375, 0.000000, 33.479953
06/28/16_11:43:11, -0.000375, 0.000188, 33.479953
06/28/16_11:43:13, -0.000188, 0.000000, 32.502437
06/28/16_11:43:15, -0.000188, 0.000375, 33.479953
06/28/16_11:43:16, -0.000188, -0.000188, 31.524921
06/28/16_11:43:18, -0.000375, 0.000000, 31.524921
06/28/16_11:43:19, -0.000188, 0.000188, 32.502437
06/28/16_11:43:21, -0.000375, 0.000188, 32.502437
06/28/16_11:43:22, -0.000562, 0.000188, 32.502437
06/28/16_11:43:24, -0.000375, 0.000188, 33.479953
06/28/16_11:43:25, -0.000188, 0.000188, 33.479953
06/28/16_11:43:27, -0.000188, 0.000375, 33.479953
06/28/16_11:43:28, -0.000188, 0.000188, 32.502437
06/28/16_11:43:30, -0.000188, 0.000188, 31.524921
06/28/16_11:43:31, -0.000188, 0.000188, 34.457469
06/28/16_11:43:33, -0.000562, 0.000000, 34.457469
06/28/16_11:43:34, -0.000375, 0.000188, 35.434986
06/28/16_11:43:36, -0.000375, -0.000188, 34.457469
06/28/16_11:43:37, -0.000562, 0.000000, 32.502437
06/28/16_11:43:39, -0.000188, -0.000375, 31.524921
06/28/16_11:43:41, 0.000000, -0.000375, 30.547405
06/28/16_11:43:42, -0.000188, -0.000375, 30.547405
06/28/16_11:43:44, -0.000188, -0.000188, 30.547405
06/28/16_11:43:45, -0.000188, -0.000188, 29.569889
06/28/16_11:43:47, -0.000188, -0.000188, 30.547405
06/28/16_11:43:48, -0.000375, 0.000000, 30.547405
06/28/16_11:43:50, -0.000562, 0.000000, 31.524921
06/28/16_11:43:51, -0.000562, -0.000188, 31.524921
06/28/16_11:43:53, -0.000375, -0.000188, 31.524921
06/28/16_11:43:54, -0.000562, -0.000188, 32.502437
06/28/16_11:43:56, -0.000375, -0.000188, 31.524921
06/28/16_11:43:58, -0.000375, -0.000375, 31.524921
06/28/16_11:43:59, -0.000375, -0.000375, 28.592372
06/28/16_11:44:01, -0.000375, -0.000188, 27.614856
06/28/16_11:44:02, -0.000375, -0.000188, 29.569889
06/28/16_11:44:04, -0.000562, -0.000937, 28.592372
06/28/16_11:44:05, -0.000562, -0.001125, 28.592372
06/28/16_11:44:07, -0.000562, -0.000562, 28.592372
06/28/16_11:44:08, -0.000750, -0.000375, 26.637340
06/28/16_11:44:10, -0.000562, -0.001125, 27.614856
06/28/16_11:44:11, -0.000562, -0.001125, 31.524921
06/28/16_11:44:13, -0.000562, -0.001687, 27.614856
06/28/16_11:44:14, -0.000188, -0.000750, 26.637340
06/28/16_11:44:16, -0.000375, -0.000375, 25.659824
06/28/16_11:44:17, -0.000375, -0.000375, 25.659824
06/28/16_11:44:19, -0.000188, -0.000375, 24.682308
06/28/16_11:44:21, -0.000188, -0.000188, 25.659824
06/28/16_11:44:22, -0.000375, -0.000375, 25.659824
06/28/16_11:44:24, -0.000375, -0.000188, 24.682308
06/28/16_11:44:26, -0.000375, -0.000188, 26.637340
06/28/16_11:44:27, -0.000562, -0.000188, 26.637340
06/28/16_11:44:29, -0.000375, -0.000375, 25.659824
06/28/16_11:44:30, -0.000375, -0.000375, 26.637340
06/28/16_11:44:32, -0.000375, -0.000188, 28.592372
06/28/16_11:44:33, -0.000375, -0.000375, 28.592372
06/28/16_11:44:35, -0.000375, -0.000375, 26.637340
06/28/16_11:44:37, -0.000188, -0.000375, 23.704792
06/28/16_11:44:38, -0.000375, -0.000188, 24.682308
06/28/16_11:44:40, -0.000375, -0.000375, 22.727275
06/28/16_11:44:41, -0.000562, -0.000188, 23.704792
06/28/16_11:44:43, -0.000562, -0.000375, 21.749759
06/28/16_11:44:44, -0.000562, -0.000188, 23.704792
06/28/16_11:44:46, -0.000375, -0.000188, 22.727275
06/28/16_11:44:47, -0.000375, -0.000188, 23.704792
06/28/16_11:44:49, -0.000562, -0.000562, 24.682308
06/28/16_11:44:50, -0.000375, -0.000375, 25.659824
06/28/16_11:44:51, -0.000375, -0.000188, 26.637340
06/28/16_11:44:53, -0.000375, -0.000375, 25.659824
06/28/16_11:44:55, -0.000375, -0.000188, 24.682308
06/28/16_11:44:56, -0.000375, -0.000188, 22.727275
06/28/16_11:44:58, -0.000375, -0.000188, 22.727275
06/28/16_11:44:59, -0.000375, -0.000188, 23.704792
06/28/16_11:45:01, -0.000375, -0.000188, 25.659824
06/28/16_11:45:02, -0.000375, -0.000188, 26.637340
06/28/16_11:45:04, -0.000375, 0.000000, 25.659824
06/28/16_11:45:05, -0.000375, 0.000000, 26.637340
06/28/16_11:45:07, -0.000188, 0.000188, 26.637340
06/28/16_11:45:08, -0.000375, 0.000000, 25.659824
06/28/16_11:45:10, -0.000375, -0.000188, 23.704792
06/28/16_11:45:12, -0.000375, -0.000188, 22.727275
06/28/16_11:45:13, -0.000562, -0.000188, 23.704792
06/28/16_11:45:15, -0.000375, -0.000188, 23.704792
06/28/16_11:45:16, -0.000375, -0.000188, 23.704792
06/28/16_11:45:18, -0.000375, -0.000188, 23.704792
06/28/16_11:45:19, -0.000375, -0.000750, 22.727275
06/28/16_11:45:21, -0.000375, -0.000375, 23.704792
06/28/16_11:45:22, -0.000188, -0.000188, 22.727275
06/28/16_11:45:24, -0.000375, -0.000188, 23.704792
06/28/16_11:45:25, -0.000375, -0.000188, 25.659824
06/28/16_11:45:27, -0.000188, -0.000188, 24.682308
06/28/16_11:45:28, -0.000375, -0.000375, 23.704792
06/28/16_11:45:30, -0.000375, -0.000188, 24.682308
06/28/16_11:45:31, -0.000375, -0.000188, 24.682308
06/28/16_11:45:33, -0.000375, -0.000562, 23.704792
06/28/16_11:45:34, -0.000375, -0.000188, 22.727275
06/28/16_11:45:36, -0.000375, -0.000375, 24.682308
06/28/16_11:45:38, -0.000375, -0.000188, 27.614856
06/28/16_11:45:39, -0.000375, -0.000188, 29.569889
06/28/16_11:45:41, -0.000375, -0.000188, 30.547405
06/28/16_11:45:42, -0.000375, 0.000000, 30.547405
06/28/16_11:45:44, -0.000375, -0.000188, 27.614856
06/28/16_11:45:45, -0.000375, -0.000188, 26.637340
06/28/16_11:45:47, -0.000375, -0.000188, 26.637340
06/28/16_11:45:48, -0.000375, -0.000188, 26.637340
06/28/16_11:45:50, -0.000375, -0.000375, 25.659824
06/28/16_11:45:51, -0.000375, -0.000375, 23.704792
06/28/16_11:45:53, -0.000375, -0.000188, 23.704792
06/28/16_11:45:54, -0.000188, -0.000375, 22.727275
06/28/16_11:45:56, -0.000375, -0.000562, 22.727275
06/28/16_11:45:57, -0.000562, -0.000375, 23.704792
06/28/16_11:45:59, -0.000562, -0.000375, 23.704792
06/28/16_11:46:00, -0.000562, -0.000375, 22.727275
06/28/16_11:46:02, -0.000375, -0.000375, 21.749759
06/28/16_11:46:03, -0.000562, -0.000188, 22.727275
06/28/16_11:46:05, -0.000375, -0.000188, 23.704792
06/28/16_11:46:06, -0.000375, -0.000375, 23.704792
06/28/16_11:46:08, -0.000562, -0.000375, 22.727275
06/28/16_11:46:10, -0.000375, -0.000375, 22.727275
06/28/16_11:46:11, -0.000188, -0.000375, 21.749759
06/28/16_11:46:13, -0.000188, -0.000375, 21.749759
06/28/16_11:46:14, -0.000375, -0.000375, 21.749759
06/28/16_11:46:16, -0.000375, -0.000375, 21.749759
06/28/16_11:46:17, -0.000375, -0.000188, 22.727275
06/28/16_11:46:18, -0.000188, -0.000188, 22.727275
06/28/16_11:46:20, -0.000375, 0.000188, 24.682308
06/28/16_11:46:21, -0.000562, 0.000000, 24.682308
06/28/16_11:46:23, -0.000375, 0.000188, 23.704792
06/28/16_11:46:24, -0.000188, 0.000000, 23.704792
06/28/16_11:46:26, -0.000188, 0.000000, 23.704792
06/28/16_11:46:27, -0.000188, 0.000000, 21.749759
06/28/16_11:46:29, -0.000188, -0.000188, 23.704792
06/28/16_11:46:30, -0.000375, 0.000188, 22.727275
06/28/16_11:46:32, -0.000375, -0.000188, 24.682308
06/28/16_11:46:33, -0.000375, -0.000375, 23.704792
06/28/16_11:46:35, -0.000188, -0.000188, 22.727275
06/28/16_11:46:36, -0.000188, -0.000375, 22.727275
06/28/16_11:46:38, -0.000375, -0.000188, 21.749759
06/28/16_11:46:39, -0.000375, -0.000188, 22.727275
06/28/16_11:46:41, -0.000375, -0.000188, 22.727275
06/28/16_11:46:42, -0.000375, 0.000000, 23.704792
06/28/16_11:46:44, -0.000562, -0.000188, 22.727275
06/28/16_11:46:45, -0.000562, 0.000000, 22.727275
06/28/16_11:46:47, -0.000375, -0.000188, 22.727275
06/28/16_11:46:48, -0.000375, 0.000000, 23.704792
06/28/16_11:46:50, -0.000188, 0.000000, 23.704792
06/28/16_11:46:51, -0.000375, -0.000188, 23.704792
06/28/16_11:46:53, -0.000375, -0.000188, 23.704792
06/28/16_11:46:55, -0.000188, -0.000188, 22.727275
06/28/16_11:46:56, -0.000188, -0.000188, 22.727275
06/28/16_11:46:58, -0.000375, -0.000188, 23.704792
06/28/16_11:46:59, -0.000375, -0.000188, 22.727275
06/28/16_11:47:01, -0.000188, 0.000000, 22.727275
06/28/16_11:47:02, -0.000188, 0.000188, 21.749759
06/28/16_11:47:04, -0.000188, 0.000188, 24.682308
06/28/16_11:47:05, -0.000375, 0.000375, 24.682308
06/28/16_11:47:07, -0.000375, 0.000188, 25.659824
06/28/16_11:47:08, -0.000375, 0.000188, 25.659824
06/28/16_11:47:10, -0.000188, 0.000188, 24.682308
06/28/16_11:47:12, -0.000188, 0.000375, 24.682308
06/28/16_11:47:13, 0.000000, 0.000188, 27.614856
06/28/16_11:47:15, -0.000188, 0.000188, 28.592372
06/28/16_11:47:16, -0.000188, 0.000188, 24.682308
06/28/16_11:47:18, -0.000375, 0.000000, 23.704792
06/28/16_11:47:19, -0.000562, 0.000000, 21.749759
06/28/16_11:47:21, -0.000375, -0.000188, 23.704792
06/28/16_11:47:23, -0.000188, -0.000188, 21.749759
06/28/16_11:47:24, -0.000188, -0.000188, 24.682308
06/28/16_11:47:26, -0.000188, -0.000188, 24.682308
06/28/16_11:47:27, -0.000375, 0.000000, 24.682308
06/28/16_11:47:29, -0.000375, 0.000188, 24.682308
06/28/16_11:47:31, -0.000375, 0.000000, 25.659824
06/28/16_11:47:32, -0.000375, 0.000188, 26.637340
06/28/16_11:47:34, -0.000375, 0.000188, 23.704792
06/28/16_11:47:35, -0.000375, -0.000188, 23.704792
06/28/16_11:47:37, -0.000188, 0.000000, 23.704792
06/28/16_11:47:38, -0.000188, 0.000188, 24.682308
06/28/16_11:47:40, -0.000375, 0.000188, 25.659824
06/28/16_11:47:41, -0.000375, 0.000000, 25.659824
06/28/16_11:47:43, -0.000375, 0.000188, 23.704792
06/28/16_11:47:44, -0.000375, 0.000000, 23.704792
06/28/16_11:47:45, -0.000375, 0.000000, 24.682308
06/28/16_11:47:47, -0.000375, 0.000188, 24.682308
06/28/16_11:47:48, -0.000188, 0.000188, 23.704792
06/28/16_11:47:50, -0.000188, 0.000000, 23.704792
06/28/16_11:47:51, -0.000375, 0.000188, 22.727275
06/28/16_11:47:53, -0.000375, 0.000188, 22.727275
06/28/16_11:47:55, -0.000375, 0.000188, 24.682308
06/28/16_11:47:56, -0.000375, 0.000000, 23.704792
06/28/16_11:47:58, -0.000375, 0.000188, 24.682308
06/28/16_11:47:59, -0.000188, 0.000000, 23.704792
06/28/16_11:48:01, -0.000375, -0.000188, 23.704792
06/28/16_11:48:02, -0.000188, 0.000000, 23.704792
06/28/16_11:48:04, -0.000375, 0.000188, 22.727275
06/28/16_11:48:06, -0.000375, 0.000188, 22.727275
06/28/16_11:48:07, -0.000375, 0.000188, 21.749759
06/28/16_11:48:09, -0.000375, 0.000188, 23.704792
06/28/16_11:48:10, -0.000375, 0.000188, 23.704792
06/28/16_11:48:12, -0.000188, 0.000375, 22.727275
06/28/16_11:48:13, -0.000375, 0.000188, 23.704792
06/28/16_11:48:15, -0.000375, 0.000188, 22.727275
06/28/16_11:48:16, -0.000188, 0.000188, 22.727275
06/28/16_11:48:18, -0.000188, 0.000188, 23.704792
06/28/16_11:48:19, -0.000188, 0.000188, 24.682308
06/28/16_11:48:21, -0.000375, 0.000188, 23.704792
06/28/16_11:48:22, -0.000188, 0.000188, 23.704792
06/28/16_11:48:24, -0.000375, 0.000188, 23.704792
06/28/16_11:48:25, -0.000375, 0.000188, 22.727275
06/28/16_11:48:27, -0.000375, 0.000188, 22.727275
06/28/16_11:48:28, -0.000188, 0.000188, 22.727275
06/28/16_11:48:29, -0.000375, 0.000375, 23.704792
06/28/16_11:48:31, -0.000188, 0.000188, 23.704792
06/28/16_11:48:33, -0.000188, 0.000188, 24.682308
06/28/16_11:48:34, -0.000188, 0.000188, 23.704792
06/28/16_11:48:36, -0.000188, 0.000188, 21.749759
06/28/16_11:48:37, 0.000000, 0.000188, 23.704792
06/28/16_11:48:39, 0.000000, 0.000375, 22.727275
06/28/16_11:48:40, -0.000188, 0.000375, 22.727275
06/28/16_11:48:42, -0.000188, 0.000375, 23.704792
06/28/16_11:48:43, -0.000188, 0.000188, 25.659824
06/28/16_11:48:44, -0.000188, 0.000188, 22.727275
06/28/16_11:48:46, -0.000188, 0.000188, 24.682308
06/28/16_11:48:47, -0.000188, 0.000188, 24.682308
06/28/16_11:48:49, -0.000188, 0.000375, 23.704792
06/28/16_11:48:50, -0.000188, 0.000188, 23.704792
06/28/16_11:48:52, -0.000188, 0.000000, 21.749759
06/28/16_11:48:54, -0.000188, 0.000000, 22.727275
06/28/16_11:48:55, -0.000188, 0.000000, 22.727275
06/28/16_11:48:56, -0.000188, 0.000000, 22.727275
06/28/16_11:48:58, -0.000375, 0.000000, 22.727275
06/28/16_11:48:59, -0.000375, 0.000000, 22.727275
06/28/16_11:49:01, -0.000375, 0.000000, 22.727275
06/28/16_11:49:02, -0.000188, 0.000000, 21.749759
06/28/16_11:49:04, -0.000188, 0.000188, 23.704792
06/28/16_11:49:05, -0.000188, 0.000188, 24.682308
06/28/16_11:49:07, -0.000188, 0.000188, 23.704792
06/28/16_11:49:08, -0.000188, 0.000188, 22.727275
06/28/16_11:49:10, -0.000188, 0.000188, 24.682308
06/28/16_11:49:11, -0.000188, 0.000188, 23.704792
06/28/16_11:49:13, -0.000188, 0.000188, 23.704792
06/28/16_11:49:15, -0.000188, 0.000188, 23.704792
06/28/16_11:49:16, -0.000188, 0.000188, 24.682308
06/28/16_11:49:18, -0.000188, 0.000188, 24.682308
06/28/16_11:49:19, -0.000188, 0.000375, 24.682308
06/28/16_11:49:21, -0.000375, 0.000375, 26.637340
06/28/16_11:49:22, -0.000375, 0.000375, 24.682308
06/28/16_11:49:24, -0.000375, 0.000375, 25.659824
06/28/16_11:49:25, -0.000375, 0.000375, 26.637340
06/28/16_11:49:27, -0.000375, 0.000375, 26.637340
06/28/16_11:49:28, -0.000375, 0.000375, 24.682308
06/28/16_11:49:30, -0.000375, 0.000375, 24.682308
06/28/16_11:49:31, -0.000375, 0.000188, 25.659824
06/28/16_11:49:33, -0.000375, 0.000375, 23.704792
06/28/16_11:49:34, -0.000188, 0.000188, 24.682308
06/28/16_11:49:36, -0.000188, 0.000188, 26.637340
06/28/16_11:49:38, -0.000188, 0.000188, 25.659824
06/28/16_11:49:39, -0.000188, 0.000188, 26.637340
06/28/16_11:49:41, 0.000000, 0.000000, 23.704792
06/28/16_11:49:42, -0.000188, 0.000188, 23.704792
06/28/16_11:49:44, -0.000188, 0.000000, 23.704792
06/28/16_11:49:45, -0.000188, 0.000188, 22.727275
06/28/16_11:49:47, -0.000375, 0.000188, 23.704792
06/28/16_11:49:48, -0.000188, 0.000375, 22.727275
06/28/16_11:49:50, -0.000188, 0.000375, 25.659824
06/28/16_11:49:52, -0.000188, 0.000188, 24.682308
06/28/16_11:49:53, -0.000188, 0.000375, 24.682308
06/28/16_11:49:55, -0.000188, 0.000375, 23.704792
06/28/16_11:49:56, -0.000188, 0.000375, 26.637340
06/28/16_11:49:58, -0.000188, 0.000375, 25.659824
06/28/16_11:49:59, -0.000375, 0.000375, 25.659824
06/28/16_11:50:01, -0.000188, 0.000375, 25.659824
06/28/16_11:50:02, -0.000188, 0.000375, 24.682308
06/28/16_11:50:04, -0.000188, 0.000188, 23.704792
06/28/16_11:50:05, -0.000188, 0.000000, 23.704792
06/28/16_11:50:07, -0.000188, 0.000000, 23.704792
06/28/16_11:50:08, -0.000188, 0.000000, 23.704792
06/28/16_11:50:10, -0.000188, 0.000188, 23.704792
06/28/16_11:50:11, -0.000188, 0.000188, 24.682308
06/28/16_11:50:13, -0.000188, 0.000375, 24.682308
06/28/16_11:50:14, -0.000188, 0.000375, 24.682308
06/28/16_11:50:16, 0.000000, 0.000375, 24.682308
06/28/16_11:50:17, -0.000188, 0.000375, 23.704792
06/28/16_11:50:19, -0.000188, 0.000188, 23.704792
06/28/16_11:50:20, -0.000188, 0.000188, 23.704792
06/28/16_11:50:22, -0.000188, 0.000188, 24.682308
06/28/16_11:50:23, -0.000188, 0.000000, 23.704792
06/28/16_11:50:25, -0.000188, 0.000000, 24.682308
06/28/16_11:50:26, -0.000188, 0.000000, 24.682308
06/28/16_11:50:28, 0.000000, 0.000188, 24.682308
06/28/16_11:50:29, -0.000188, 0.000188, 24.682308
06/28/16_11:50:30, -0.000188, 0.000375, 25.659824
06/28/16_11:50:32, -0.000188, 0.000188, 23.704792
06/28/16_11:50:34, -0.000188, 0.000375, 23.704792
06/28/16_11:50:35, -0.000188, 0.000000, 22.727275
06/28/16_11:50:37, -0.000188, 0.000188, 23.704792
06/28/16_11:50:38, -0.000188, 0.000188, 22.727275
06/28/16_11:50:40, -0.000188, 0.000375, 23.704792
06/28/16_11:50:41, -0.000375, 0.000375, 25.659824
06/28/16_11:50:43, -0.000188, 0.000375, 25.659824
06/28/16_11:50:45, -0.000188, 0.000188, 29.569889
06/28/16_11:50:46, -0.000188, 0.000000, 32.502437
06/28/16_11:50:48, -0.000188, 0.000000, 32.502437
06/28/16_11:50:49, -0.000188, 0.000000, 30.547405
06/28/16_11:50:51, -0.000188, 0.000000, 29.569889
06/28/16_11:50:52, -0.000188, 0.000000, 29.569889
06/28/16_11:50:54, -0.000188, 0.000000, 30.547405
06/28/16_11:50:55, -0.000188, 0.000000, 31.524921
06/28/16_11:50:57, -0.000188, 0.000000, 30.547405
06/28/16_11:50:59, -0.000188, -0.000188, 30.547405
06/28/16_11:51:00, -0.000188, -0.000188, 27.614856
06/28/16_11:51:02, -0.000188, 0.000000, 27.614856
06/28/16_11:51:03, -0.000188, -0.000188, 27.614856
06/28/16_11:51:05, -0.000188, -0.000188, 27.614856
06/28/16_11:51:06, -0.000188, 0.000000, 29.569889
06/28/16_11:51:08, -0.000188, 0.000000, 29.569889
06/28/16_11:51:09, -0.000188, 0.000000, 29.569889
06/28/16_11:51:11, -0.000188, 0.000000, 31.524921
06/28/16_11:51:12, -0.000188, -0.000188, 31.524921
06/28/16_11:51:14, -0.000375, 0.000000, 31.524921
06/28/16_11:51:15, -0.000188, 0.000000, 31.524921
06/28/16_11:51:17, -0.000188, 0.000000, 32.502437
06/28/16_11:51:19, -0.000188, 0.000188, 26.637340
06/28/16_11:51:20, -0.000188, 0.000188, 27.614856
06/28/16_11:51:21, -0.000375, 0.000188, 22.727275
06/28/16_11:51:23, -0.000375, 0.000375, 21.749759
06/28/16_11:51:24, -0.000375, 0.000375, 22.727275
06/28/16_11:51:26, -0.000375, 0.000375, 24.682308
06/28/16_11:51:27, -0.000375, 0.000375, 22.727275
06/28/16_11:51:29, -0.000188, 0.000188, 23.704792
06/28/16_11:51:31, -0.000188, 0.000188, 25.659824
06/28/16_11:51:32, -0.000375, 0.000188, 24.682308
06/28/16_11:51:34, -0.000375, 0.000188, 22.727275
06/28/16_11:51:35, -0.000188, 0.000188, 24.682308
06/28/16_11:51:37, -0.000188, 0.000188, 25.659824
06/28/16_11:51:38, -0.000188, 0.000188, 25.659824
06/28/16_11:51:40, -0.000188, 0.000188, 26.637340
06/28/16_11:51:41, -0.000188, 0.000188, 26.637340
06/28/16_11:51:42, -0.000188, 0.000188, 28.592372
06/28/16_11:51:44, -0.000188, 0.000188, 26.637340
06/28/16_11:51:46, -0.000188, 0.000375, 27.614856
06/28/16_11:51:47, -0.000375, 0.000188, 24.682308
06/28/16_11:51:49, -0.000188, 0.000375, 24.682308
06/28/16_11:51:50, -0.000188, 0.000188, 28.592372
06/28/16_11:51:51, -0.000188, 0.000188, 26.637340
06/28/16_11:51:53, -0.000188, 0.000375, 27.614856
06/28/16_11:51:55, -0.000188, 0.000375, 25.659824
06/28/16_11:51:56, 0.000000, 0.000188, 26.637340
06/28/16_11:51:58, -0.000188, 0.000188, 26.637340
06/28/16_11:51:59, -0.000188, 0.000188, 26.637340
06/28/16_11:52:01, -0.000188, 0.000375, 26.637340
06/28/16_11:52:02, -0.000188, 0.000188, 25.659824
06/28/16_11:52:04, -0.000188, 0.000188, 25.659824
06/28/16_11:52:05, -0.000188, 0.000375, 26.637340
06/28/16_11:52:07, -0.000188, 0.000188, 26.637340
06/28/16_11:52:08, -0.000188, 0.000000, 27.614856
06/28/16_11:52:10, -0.000188, 0.000000, 29.569889
06/28/16_11:52:12, -0.000188, 0.000000, 31.524921
06/28/16_11:52:13, -0.000188, 0.000000, 34.457469
06/28/16_11:52:15, -0.000188, -0.000188, 32.502437
06/28/16_11:52:16, -0.000188, 0.000000, 32.502437
06/28/16_11:52:18, -0.000188, 0.000000, 32.502437
06/28/16_11:52:20, 0.000000, 0.000000, 30.547405
06/28/16_11:52:21, -0.000188, 0.000000, 31.524921
06/28/16_11:52:23, -0.000188, 0.000000, 31.524921
06/28/16_11:52:24, 0.000188, 0.000188, 37.390018
06/28/16_11:52:26, -0.000188, -0.000375, 28.592372
06/28/16_11:52:27, -0.000188, -0.000750, 23.704792
06/28/16_11:52:29, -0.000188, -0.000375, 24.682308
06/28/16_11:52:31, 0.000000, 0.000000, 34.457469
06/28/16_11:52:33, -0.000375, 0.000000, 30.547405
06/28/16_11:52:34, -0.000188, 0.000000, 29.569889
06/28/16_11:52:36, -0.000188, -0.000188, 24.682308
06/28/16_11:52:37, -0.000188, 0.000000, 25.659824
06/28/16_11:52:39, -0.000188, 0.000000, 28.592372
06/28/16_11:52:40, -0.000188, 0.000000, 27.614856
06/28/16_11:52:42, -0.000188, 0.000000, 29.569889
06/28/16_11:52:43, -0.000188, -0.000188, 30.547405
06/28/16_11:52:45, -0.000188, 0.000000, 30.547405
06/28/16_11:52:47, -0.000188, 0.000000, 30.547405
06/28/16_11:52:48, 0.000000, 0.000000, 30.547405
06/28/16_11:52:50, 0.000000, 0.000000, 30.547405
06/28/16_11:52:51, -0.000188, 0.000000, 31.524921
06/28/16_11:52:53, -0.000188, 0.000188, 32.502437
06/28/16_11:52:55, -0.000188, 0.000000, 31.524921
06/28/16_11:52:56, -0.000188, 0.000000, 31.524921
06/28/16_11:52:58, 0.000000, 0.000000, 32.502437
06/28/16_11:52:59, 0.000000, 0.000000, 33.479953
06/28/16_11:53:01, -0.000188, 0.000000, 33.479953
06/28/16_11:53:02, -0.000188, 0.000000, 30.547405
06/28/16_11:53:04, 0.000000, 0.000000, 31.524921
06/28/16_11:53:05, 0.000000, 0.000188, 30.547405
06/28/16_11:53:07, 0.000000, 0.000188, 32.502437
06/28/16_11:53:08, 0.000000, 0.000188, 31.524921
06/28/16_11:53:10, 0.000000, 0.000188, 35.434986
06/28/16_11:53:11, 0.000000, 0.000188, 36.412502
06/28/16_11:53:13, -0.000188, 0.000188, 30.547405
06/28/16_11:53:15, -0.000188, 0.000188, 30.547405
06/28/16_11:53:17, -0.000188, 0.000188, 28.592372
06/28/16_11:53:18, -0.000188, 0.000000, 25.659824
06/28/16_11:53:20, -0.000375, 0.000000, 24.682308
06/28/16_11:53:21, -0.000375, 0.000000, 22.727275
06/28/16_11:53:23, -0.000188, -0.000188, 23.704792
06/28/16_11:53:24, 0.000000, 0.000000, 25.659824
06/28/16_11:53:26, 0.000000, 0.000188, 26.637340
06/28/16_11:53:28, -0.000188, 0.000188, 30.547405
06/28/16_11:53:29, -0.000188, 0.000188, 30.547405
06/28/16_11:53:30, 0.000000, 0.000000, 31.524921
06/28/16_11:53:32, 0.000000, 0.000000, 30.547405
06/28/16_11:53:33, 0.000000, 0.000188, 30.547405
06/28/16_11:53:35, 0.000000, 0.000188, 32.502437
06/28/16_11:53:37, 0.000000, 0.000188, 30.547405
06/28/16_11:53:38, 0.000000, 0.000188, 29.569889
06/28/16_11:53:40, -0.000188, 0.000188, 30.547405
06/28/16_11:53:41, -0.000188, 0.000000, 29.569889
06/28/16_11:53:43, -0.000188, 0.000000, 29.569889
06/28/16_11:53:44, -0.000188, 0.000000, 32.502437
06/28/16_11:53:46, -0.000188, 0.000000, 32.502437
06/28/16_11:53:47, -0.000188, 0.000000, 33.479953
06/28/16_11:53:49, 0.000000, 0.000188, 30.547405
06/28/16_11:53:50, 0.000000, 0.000188, 29.569889
06/28/16_11:53:52, -0.000188, 0.000375, 28.592372
06/28/16_11:53:53, -0.000188, 0.000375, 27.614856
06/28/16_11:53:55, -0.000188, 0.000375, 26.637340
06/28/16_11:53:56, -0.000188, 0.000375, 27.614856
06/28/16_11:53:58, -0.000188, 0.000375, 23.704792
06/28/16_11:53:59, -0.000188, 0.000375, 25.659824
06/28/16_11:54:01, -0.000188, 0.000562, 25.659824
06/28/16_11:54:02, -0.000188, 0.000375, 21.749759
06/28/16_11:54:04, -0.000188, 0.000000, 25.659824
06/28/16_11:54:05, -0.000188, 0.000000, 23.704792
06/28/16_11:54:07, -0.000188, 0.000000, 24.682308
06/28/16_11:54:08, -0.000188, 0.000000, 24.682308
06/28/16_11:54:10, -0.000188, 0.000000, 23.704792
06/28/16_11:54:11, -0.000188, 0.000000, 24.682308
06/28/16_11:54:13, -0.000188, 0.000000, 24.682308
06/28/16_11:54:15, -0.000188, 0.000000, 23.704792
06/28/16_11:54:16, -0.000375, 0.000000, 23.704792
06/28/16_11:54:18, -0.000375, 0.000000, 23.704792
06/28/16_11:54:19, -0.000562, 0.000000, 21.749759
06/28/16_11:54:21, -0.000375, -0.000188, 20.772243
06/28/16_11:54:22, -0.000375, -0.000188, 21.749759
06/28/16_11:54:23, -0.000375, -0.000188, 20.772243
06/28/16_11:54:25, -0.000562, -0.000562, 20.772243
06/28/16_11:54:27, -0.000375, -0.000750, 22.727275
06/28/16_11:54:28, -0.000375, -0.000750, 22.727275
06/28/16_11:54:30, -0.000375, -0.000562, 23.704792
06/28/16_11:54:31, -0.000375, -0.000562, 22.727275
06/28/16_11:54:33, -0.000562, -0.000750, 23.704792
06/28/16_11:54:34, -0.000562, -0.000562, 25.659824
06/28/16_11:54:36, -0.000375, -0.000562, 24.682308
06/28/16_11:54:37, -0.000375, -0.000562, 25.659824
06/28/16_11:54:39, -0.000188, -0.000188, 24.682308
06/28/16_11:54:40, 0.000000, 0.000000, 22.727275
06/28/16_11:54:42, 0.000000, 0.000375, 23.704792
06/28/16_11:54:44, 0.000188, 0.000375, 24.682308
06/28/16_11:54:46, 0.000188, -0.000188, 24.682308
06/28/16_11:54:47, 0.000000, -0.000188, 23.704792
06/28/16_11:54:49, -0.000375, -0.000188, 22.727275
06/28/16_11:54:50, -0.000375, -0.000188, 23.704792
06/28/16_11:54:52, -0.000188, -0.000188, 22.727275
06/28/16_11:54:53, -0.000188, 0.000000, 23.704792
06/28/16_11:54:55, 0.000000, 0.000000, 21.749759
06/28/16_11:54:57, 0.000000, 0.000188, 23.704792
06/28/16_11:54:58, 0.000000, 0.000000, 22.727275
06/28/16_11:55:00, 0.000000, 0.000000, 22.727275
06/28/16_11:55:01, 0.000000, 0.000000, 23.704792
06/28/16_11:55:02, 0.000000, 0.000000, 21.749759
06/28/16_11:55:04, -0.000188, 0.000000, 22.727275
06/28/16_11:55:05, -0.000188, 0.000000, 21.749759
06/28/16_11:55:07, -0.000188, 0.000000, 22.727275
06/28/16_11:55:08, -0.000188, 0.000000, 22.727275
06/28/16_11:55:10, -0.000188, 0.000000, 22.727275
06/28/16_11:55:11, -0.000188, 0.000000, 22.727275
06/28/16_11:55:13, 0.000000, 0.000000, 22.727275
06/28/16_11:55:14, -0.000188, 0.000000, 22.727275
06/28/16_11:55:16, -0.000188, 0.000000, 22.727275
06/28/16_11:55:17, 0.000000, 0.000000, 22.727275
06/28/16_11:55:19, -0.000188, 0.000000, 22.727275
06/28/16_11:55:20, 0.000000, 0.000000, 22.727275
06/28/16_11:55:22, -0.000188, -0.000188, 21.749759
06/28/16_11:55:23, -0.000188, 0.000000, 21.749759
06/28/16_11:55:25, -0.000188, 0.000000, 19.794727
06/28/16_11:55:26, -0.000188, 0.000000, 21.749759
06/28/16_11:55:28, -0.000188, 0.000000, 21.749759
06/28/16_11:55:29, -0.000188, 0.000000, 22.727275
06/28/16_11:55:31, -0.000188, 0.000000, 19.794727
06/28/16_11:55:32, -0.000188, -0.000188, 20.772243
06/28/16_11:55:34, -0.000188, -0.000188, 20.772243
06/28/16_11:55:36, -0.000188, 0.000000, 21.749759
06/28/16_11:55:37, -0.000188, -0.000188, 21.749759
06/28/16_11:55:39, -0.000188, -0.000188, 21.749759
06/28/16_11:55:40, -0.000188, 0.000000, 20.772243
06/28/16_11:55:42, -0.000188, 0.000000, 20.772243
06/28/16_11:55:43, -0.000188, 0.000000, 21.749759
06/28/16_11:55:45, -0.000188, 0.000000, 21.749759
06/28/16_11:55:47, -0.000188, 0.000000, 21.749759
06/28/16_11:55:48, -0.000188, 0.000000, 20.772243
06/28/16_11:55:50, 0.000000, 0.000000, 23.704792
06/28/16_11:55:51, -0.000188, 0.000000, 21.749759
06/28/16_11:55:53, 0.000000, 0.000000, 20.772243
06/28/16_11:55:54, -0.000188, 0.000000, 22.727275
06/28/16_11:55:56, 0.000000, 0.000000, 21.749759
06/28/16_11:55:57, 0.000000, 0.000000, 21.749759
06/28/16_11:55:59, 0.000000, 0.000000, 23.704792
06/28/16_11:56:01, 0.000000, 0.000000, 22.727275
06/28/16_11:56:02, 0.000000, 0.000000, 22.727275
06/28/16_11:56:04, 0.000000, 0.000000, 23.704792
06/28/16_11:56:06, 0.000000, 0.000000, 23.704792
06/28/16_11:56:07, -0.000188, 0.000000, 23.704792
06/28/16_11:56:09, 0.000000, 0.000000, 23.704792
06/28/16_11:56:10, 0.000000, 0.000000, 24.682308
06/28/16_11:56:11, 0.000000, 0.000000, 23.704792
06/28/16_11:56:13, 0.000000, 0.000000, 23.704792
06/28/16_11:56:14, 0.000000, -0.000188, 24.682308
06/28/16_11:56:16, 0.000000, 0.000000, 23.704792
06/28/16_11:56:17, 0.000000, 0.000000, 23.704792
06/28/16_11:56:19, -0.000188, 0.000000, 22.727275
06/28/16_11:56:20, 0.000000, 0.000000, 21.749759
06/28/16_11:56:22, 0.000000, 0.000000, 24.682308
06/28/16_11:56:23, 0.000000, 0.000000, 22.727275
06/28/16_11:56:25, -0.000188, 0.000000, 23.704792
06/28/16_11:56:26, 0.000000, 0.000000, 23.704792
06/28/16_11:56:28, 0.000000, 0.000000, 23.704792
06/28/16_11:56:29, 0.000000, 0.000000, 22.727275
06/28/16_11:56:31, 0.000000, 0.000000, 23.704792
06/28/16_11:56:33, 0.000000, 0.000000, 22.727275
06/28/16_11:56:34, -0.000188, 0.000000, 23.704792
06/28/16_11:56:35, 0.000000, 0.000000, 23.704792
06/28/16_11:56:37, -0.000188, 0.000000, 22.727275
06/28/16_11:56:38, 0.000000, 0.000000, 23.704792
06/28/16_11:56:40, 0.000000, 0.000000, 23.704792
06/28/16_11:56:41, 0.000000, 0.000000, 23.704792
06/28/16_11:56:43, 0.000000, 0.000000, 24.682308
06/28/16_11:56:44, 0.000000, 0.000000, 24.682308
06/28/16_11:56:46, 0.000000, 0.000000, 23.704792
06/28/16_11:56:47, 0.000000, 0.000000, 26.637340
06/28/16_11:56:49, 0.000000, 0.000000, 26.637340
06/28/16_11:56:51, 0.000000, 0.000000, 25.659824
06/28/16_11:56:52, 0.000000, 0.000000, 26.637340
