Time, HF1, HF2, TC1
06/28/16_09:36:50, 0.000000, 0.000000, 19.794727
06/28/16_09:36:51, 0.000000, 0.000000, 19.794727
06/28/16_09:36:53, 0.000000, 0.000000, 20.772243
06/28/16_09:36:54, 0.000000, 0.000000, 20.772243
06/29/16_11:05:33, 0.000000, 0.000000, 19.794727
06/29/16_11:05:34, 0.000000, 0.000000, 19.794727
06/29/16_11:05:36, 0.000000, 0.000000, 19.794727
06/29/16_11:05:37, 0.000000, 0.000000, 19.794727
06/29/16_11:05:39, 0.000000, 0.000000, 19.794727
06/29/16_11:05:40, 0.000000, 0.000000, 19.794727
06/29/16_11:05:42, 0.000000, 0.000000, 20.772243
06/29/16_11:05:43, 0.000000, 0.000000, 20.772243
06/29/16_11:05:45, 0.000000, 0.000000, 20.772243
06/29/16_11:05:46, 0.000000, 0.000000, 21.749759
06/29/16_11:05:48, 0.000000, 0.000000, 21.749759
06/29/16_11:05:49, 0.000000, 0.000000, 20.772243
06/29/16_11:05:51, 0.000000, 0.000000, 21.749759
06/29/16_11:05:52, 0.000000, 0.000000, 21.749759
06/29/16_11:05:54, 0.000000, 0.000000, 21.749759
06/29/16_11:05:55, 0.000000, 0.000000, 21.749759
06/29/16_11:05:56, 0.000000, 0.000000, 21.749759
06/29/16_11:05:58, 0.000000, 0.000000, 21.749759
06/29/16_11:05:59, 0.000000, 0.000000, 21.749759
06/29/16_11:06:01, 0.000000, 0.000000, 21.749759
06/29/16_11:06:02, 0.000000, 0.000000, 21.749759
06/29/16_11:06:04, 0.000000, 0.000000, 21.749759
06/29/16_11:06:05, 0.000000, 0.000000, 22.727275
06/29/16_11:06:07, 0.000000, 0.000000, 22.727275
06/29/16_11:06:09, 0.000000, 0.000000, 22.727275
06/29/16_11:06:10, 0.000000, 0.000000, 22.727275
06/29/16_11:06:11, 0.000000, 0.000000, 23.704792
06/29/16_11:06:13, 0.000000, 0.000000, 23.704792
06/29/16_11:06:14, 0.000000, 0.000000, 23.704792
06/29/16_11:06:16, 0.000000, 0.000000, 23.704792
06/29/16_11:06:17, 0.000000, 0.000000, 22.727275
06/29/16_11:06:19, 0.000000, 0.000000, 21.749759
06/29/16_11:06:20, 0.000000, 0.000000, 23.704792
06/29/16_11:06:22, 0.000000, 0.000000, 22.727275
06/29/16_11:06:23, 0.000000, 0.000000, 22.727275
06/29/16_11:06:25, 0.000000, 0.000000, 23.704792
06/29/16_11:06:26, 0.000000, 0.000000, 23.704792
06/29/16_11:06:28, 0.000000, 0.000000, 23.704792
06/29/16_11:06:29, 0.000000, 0.000000, 23.704792
06/29/16_11:06:31, 0.000000, 0.000000, 23.704792
06/29/16_11:06:32, 0.000000, 0.000000, 22.727275
06/29/16_11:06:34, 0.000000, 0.000000, 24.682308
06/29/16_11:06:36, 0.000000, 0.000000, 24.682308
06/29/16_11:06:37, 0.000000, 0.000000, 23.704792
06/29/16_11:06:39, 0.000000, 0.000000, 24.682308
06/29/16_11:06:40, 0.000000, 0.000000, 23.704792
06/29/16_11:06:41, 0.000000, 0.000000, 23.704792
06/29/16_11:06:43, 0.000000, 0.000000, 23.704792
06/29/16_11:06:45, 0.000000, 0.000000, 23.704792
06/29/16_11:06:46, 0.000000, 0.000000, 23.704792
06/29/16_11:06:47, 0.000000, 0.000000, 24.682308
06/29/16_11:06:49, 0.000000, 0.000000, 24.682308
06/29/16_11:06:51, 0.000000, 0.000000, 24.682308
06/29/16_11:06:52, 0.000000, 0.000000, 24.682308
06/29/16_11:06:54, 0.000000, 0.000000, 24.682308
06/29/16_11:06:55, 0.000000, 0.000000, 25.659824
06/29/16_11:06:56, 0.000000, 0.000000, 25.659824
06/29/16_11:06:58, 0.000000, 0.000000, 25.659824
06/29/16_11:06:59, 0.000000, 0.000000, 25.659824
06/29/16_11:07:01, 0.000000, 0.000000, 24.682308
06/29/16_11:07:02, 0.000000, 0.000000, 25.659824
06/29/16_11:07:04, 0.000000, 0.000000, 24.682308
06/29/16_11:07:05, 0.000000, 0.000000, 24.682308
06/29/16_11:07:07, 0.000000, 0.000000, 24.682308
06/29/16_11:07:08, 0.000000, 0.000000, 24.682308
06/29/16_11:07:10, 0.000000, 0.000000, 24.682308
06/29/16_11:07:11, 0.000000, 0.000000, 24.682308
06/29/16_11:07:13, 0.000000, 0.000000, 24.682308
06/29/16_11:07:14, 0.000000, 0.000000, 24.682308
06/29/16_11:07:16, 0.000000, 0.000000, 25.659824
06/29/16_11:07:17, 0.000000, 0.000000, 25.659824
06/29/16_11:07:19, 0.000000, 0.000000, 25.659824
06/29/16_11:07:20, 0.000000, 0.000000, 25.659824
06/29/16_11:07:22, 0.000000, 0.000000, 26.637340
06/29/16_11:07:23, 0.000000, 0.000000, 25.659824
06/29/16_11:07:25, 0.000000, 0.000000, 27.614856
06/29/16_11:07:26, 0.000000, 0.000000, 26.637340
06/29/16_11:07:28, 0.000000, 0.000000, 30.547405
06/29/16_11:07:29, 0.000000, 0.000000, 26.637340
06/29/16_11:07:31, 0.000000, 0.000000, 26.637340
06/29/16_11:07:32, 0.000000, 0.000000, 25.659824
06/29/16_11:07:34, 0.000000, 0.000000, 26.637340
06/29/16_11:07:36, 0.000000, 0.000000, 25.659824
06/29/16_11:07:37, 0.000000, 0.000000, 25.659824
06/29/16_11:07:38, 0.000000, 0.000000, 25.659824
06/29/16_11:07:40, 0.000000, 0.000000, 25.659824
06/29/16_11:07:41, 0.000000, 0.000000, 25.659824
06/29/16_11:07:43, 0.000000, 0.000000, 26.637340
06/29/16_11:07:44, 0.000000, 0.000000, 26.637340
06/29/16_11:07:46, 0.000000, 0.000000, 26.637340
06/29/16_11:07:48, 0.000000, 0.000000, 25.659824
06/29/16_11:07:49, 0.000000, 0.000000, 26.637340
06/29/16_11:07:50, 0.000000, 0.000000, 26.637340
06/29/16_11:07:52, 0.000000, 0.000000, 26.637340
06/29/16_11:07:53, 0.000000, 0.000000, 26.637340
06/29/16_11:07:55, 0.000000, 0.000000, 26.637340
06/29/16_11:07:56, 0.000000, 0.000000, 25.659824
06/29/16_11:07:58, 0.000000, 0.000000, 25.659824
06/29/16_11:07:59, 0.000000, 0.000000, 25.659824
06/29/16_11:08:01, 0.000000, 0.000000, 25.659824
06/29/16_11:08:02, 0.000000, 0.000000, 26.637340
06/29/16_11:08:04, 0.000000, 0.000000, 26.637340
06/29/16_11:08:05, 0.000000, 0.000000, 26.637340
06/29/16_11:08:07, 0.000000, 0.000000, 26.637340
06/29/16_11:08:08, 0.000000, 0.000000, 25.659824
06/29/16_11:08:10, 0.000000, 0.000000, 25.659824
06/29/16_11:08:11, 0.000000, 0.000000, 23.704792
06/29/16_11:08:13, 0.000000, 0.000000, 25.659824
06/29/16_11:08:14, 0.000000, 0.000000, 25.659824
06/29/16_11:08:16, 0.000000, 0.000000, 25.659824
06/29/16_11:08:17, 0.000000, 0.000000, 24.682308
06/29/16_11:08:19, 0.000000, 0.000000, 25.659824
06/29/16_11:08:20, 0.000000, 0.000000, 25.659824
06/29/16_11:08:22, 0.000000, 0.000000, 26.637340
06/29/16_11:08:24, 0.000000, 0.000000, 26.637340
06/29/16_11:08:25, 0.000000, 0.000188, 26.637340
06/29/16_11:08:27, 0.000000, 0.000000, 26.637340
06/29/16_11:08:28, 0.000000, 0.000000, 27.614856
06/29/16_11:08:29, 0.000000, 0.000000, 29.569889
06/29/16_11:08:31, 0.000000, 0.000000, 26.637340
06/29/16_11:08:33, 0.000000, 0.000000, 27.614856
06/29/16_11:08:34, 0.000000, 0.000000, 26.637340
06/29/16_11:08:36, 0.000000, 0.000000, 26.637340
06/29/16_11:08:37, 0.000000, 0.000000, 26.637340
06/29/16_11:08:39, 0.000000, 0.000000, 26.637340
06/29/16_11:08:40, 0.000000, 0.000000, 25.659824
06/29/16_11:08:42, 0.000000, 0.000000, 25.659824
06/29/16_11:08:43, 0.000188, 0.000375, 27.614856
06/29/16_11:08:45, 0.000000, 0.000375, 28.592372
06/29/16_11:08:46, 0.000000, 0.000375, 28.592372
06/29/16_11:08:48, 0.000000, 0.000188, 27.614856
06/29/16_11:08:49, 0.000000, 0.000188, 27.614856
06/29/16_11:08:51, 0.000000, 0.000000, 27.614856
06/29/16_11:08:52, 0.000000, 0.000000, 27.614856
06/29/16_11:08:54, 0.000000, 0.000000, 27.614856
06/29/16_11:08:55, 0.000000, 0.000000, 27.614856
06/29/16_11:08:57, 0.000000, 0.000000, 26.637340
06/29/16_11:08:58, 0.000000, 0.000000, 27.614856
06/29/16_11:09:00, 0.000000, 0.000000, 26.637340
06/29/16_11:09:01, 0.000000, 0.000000, 26.637340
06/29/16_11:09:03, 0.000000, 0.000000, 27.614856
06/29/16_11:09:05, 0.000000, 0.000000, 26.637340
06/29/16_11:09:06, 0.000000, 0.000000, 27.614856
06/29/16_11:09:07, 0.000000, 0.000000, 27.614856
06/29/16_11:09:09, 0.000000, 0.000000, 26.637340
06/29/16_11:09:11, 0.000000, 0.000000, 26.637340
06/29/16_11:09:12, 0.000000, 0.000000, 27.614856
06/29/16_11:09:14, 0.000000, 0.000000, 26.637340
06/29/16_11:09:15, 0.000000, 0.000000, 26.637340
06/29/16_11:09:17, 0.000000, 0.000000, 26.637340
06/29/16_11:09:18, 0.000000, 0.000000, 26.637340
06/29/16_11:09:20, 0.000000, 0.000000, 26.637340
06/29/16_11:09:21, 0.000000, 0.000000, 26.637340
06/29/16_11:09:23, 0.000000, 0.000000, 26.637340
06/29/16_11:09:24, 0.000000, 0.000000, 27.614856
06/29/16_11:09:26, 0.000000, 0.000000, 26.637340
06/29/16_11:09:27, 0.000000, 0.000000, 27.614856
06/29/16_11:09:29, 0.000000, 0.000000, 27.614856
06/29/16_11:09:30, 0.000000, 0.000000, 26.637340
06/29/16_11:09:32, 0.000000, 0.000000, 26.637340
06/29/16_11:09:33, 0.000000, 0.000000, 26.637340
06/29/16_11:09:35, 0.000000, 0.000000, 26.637340
06/29/16_11:09:37, 0.000375, 0.000188, 26.637340
06/29/16_11:09:38, 0.000188, 0.000188, 29.569889
06/29/16_11:09:40, 0.000000, 0.000000, 26.637340
06/29/16_11:09:41, 0.000000, 0.000000, 26.637340
06/29/16_11:09:43, 0.000000, 0.000000, 26.637340
06/29/16_11:09:44, 0.000000, 0.000000, 26.637340
06/29/16_11:09:46, 0.000000, 0.000000, 27.614856
06/29/16_11:09:47, 0.000000, 0.000000, 26.637340
06/29/16_11:09:49, 0.000000, 0.000000, 26.637340
06/29/16_11:09:50, 0.000000, 0.000000, 26.637340
06/29/16_11:09:52, 0.000000, 0.000000, 26.637340
06/29/16_11:09:53, 0.000000, 0.000000, 26.637340
06/29/16_11:09:55, 0.000000, 0.000000, 26.637340
06/29/16_11:09:56, 0.000000, 0.000000, 26.637340
06/29/16_11:09:58, 0.000000, 0.000000, 26.637340
06/29/16_11:10:00, 0.000000, 0.000000, 27.614856
06/29/16_11:10:01, 0.000000, 0.000000, 26.637340
06/29/16_11:10:02, 0.000000, 0.000000, 26.637340
06/29/16_11:10:04, 0.000000, 0.000000, 26.637340
06/29/16_11:10:06, 0.000000, 0.000000, 30.547405
06/29/16_11:10:07, 0.000000, 0.000000, 29.569889
06/29/16_11:10:09, 0.000000, 0.000000, 30.547405
06/29/16_11:10:10, 0.000000, 0.000000, 29.569889
06/29/16_11:10:12, 0.000000, 0.000000, 27.614856
06/29/16_11:10:13, 0.000000, 0.000000, 25.659824
06/29/16_11:10:15, 0.000000, 0.000000, 27.614856
06/29/16_11:10:16, 0.000000, 0.000000, 26.637340
06/29/16_11:10:18, 0.000000, 0.000000, 26.637340
06/29/16_11:10:19, 0.000000, 0.000000, 26.637340
06/29/16_11:10:21, 0.000000, 0.000000, 26.637340
06/29/16_11:10:22, 0.000000, 0.000000, 25.659824
06/29/16_11:10:24, 0.000000, 0.000000, 29.569889
06/29/16_11:10:25, 0.000000, 0.000000, 26.637340
06/29/16_11:10:27, 0.000000, 0.000000, 26.637340
06/29/16_11:10:28, 0.000000, 0.000000, 26.637340
06/29/16_11:10:30, 0.000000, 0.000188, 25.659824
06/29/16_11:10:32, 0.000000, 0.000000, 26.637340
06/29/16_11:10:33, 0.000000, 0.000000, 26.637340
06/29/16_11:10:35, 0.000000, 0.000000, 26.637340
06/29/16_11:10:36, 0.000000, 0.000000, 26.637340
06/29/16_11:10:38, 0.000000, 0.000000, 27.614856
06/29/16_11:10:39, 0.000000, 0.000000, 26.637340
06/29/16_11:10:41, 0.000000, 0.000000, 29.569889
06/29/16_11:10:42, 0.000000, 0.000000, 26.637340
06/29/16_11:10:44, 0.000000, 0.000000, 25.659824
06/29/16_11:10:45, 0.000000, 0.000000, 23.704792
06/29/16_11:10:47, 0.000000, 0.000000, 25.659824
06/29/16_11:10:48, 0.000000, 0.000000, 26.637340
06/29/16_11:10:50, 0.000000, 0.000000, 25.659824
06/29/16_11:10:51, 0.000000, 0.000000, 26.637340
06/29/16_11:10:53, 0.000000, 0.000000, 26.637340
06/29/16_11:10:54, 0.000000, 0.000000, 26.637340
06/29/16_11:10:56, 0.000000, 0.000000, 26.637340
06/29/16_11:10:57, 0.000000, 0.000000, 26.637340
06/29/16_11:10:59, 0.000000, 0.000000, 26.637340
06/29/16_11:11:00, 0.000000, 0.000188, 27.614856
06/29/16_11:11:02, 0.000000, 0.000000, 27.614856
06/29/16_11:11:03, 0.000188, 0.000188, 28.592372
06/29/16_11:11:05, 0.000000, 0.000000, 27.614856
06/29/16_11:11:06, 0.000188, 0.000188, 27.614856
06/29/16_11:11:08, 0.000000, 0.000188, 28.592372
06/29/16_11:11:09, 0.000000, 0.000188, 27.614856
06/29/16_11:11:11, 0.000000, 0.000188, 31.524921
06/29/16_11:11:12, 0.000000, 0.000188, 28.592372
06/29/16_11:11:14, 0.000000, 0.000188, 28.592372
06/29/16_11:11:15, 0.000000, 0.000000, 28.592372
06/29/16_11:11:17, 0.000000, 0.000000, 27.614856
06/29/16_11:11:18, 0.000000, 0.000000, 27.614856
06/29/16_11:11:20, 0.000000, 0.000000, 27.614856
06/29/16_11:11:21, 0.000000, 0.000000, 27.614856
06/29/16_11:11:23, 0.000000, 0.000000, 27.614856
06/29/16_11:11:24, 0.000000, 0.000000, 26.637340
06/29/16_11:11:26, 0.000000, 0.000000, 27.614856
06/29/16_11:11:27, 0.000000, 0.000000, 26.637340
06/29/16_11:11:29, 0.000000, 0.000000, 26.637340
06/29/16_11:11:30, 0.000000, 0.000000, 26.637340
06/29/16_11:11:32, 0.000000, 0.000000, 26.637340
06/29/16_11:11:33, 0.000000, 0.000000, 26.637340
06/29/16_11:11:35, 0.000000, 0.000000, 27.614856
06/29/16_11:11:36, 0.000000, 0.000000, 26.637340
06/29/16_11:11:38, 0.000000, 0.000000, 27.614856
06/29/16_11:11:39, 0.000000, 0.000000, 26.637340
06/29/16_11:11:41, 0.000000, 0.000000, 26.637340
06/29/16_11:11:42, 0.000000, 0.000000, 26.637340
06/29/16_11:11:44, 0.000000, 0.000000, 26.637340
06/29/16_11:11:45, 0.000000, 0.000000, 26.637340
06/29/16_11:11:47, 0.000000, 0.000000, 26.637340
06/29/16_11:11:48, 0.000000, 0.000000, 26.637340
06/29/16_11:11:50, 0.000000, 0.000000, 26.637340
06/29/16_11:11:51, 0.000000, 0.000000, 26.637340
06/29/16_11:11:53, 0.000000, 0.000000, 26.637340
06/29/16_11:11:54, 0.000000, 0.000000, 26.637340
06/29/16_11:11:56, 0.000000, 0.000000, 26.637340
06/29/16_11:11:58, 0.000000, 0.000000, 26.637340
06/29/16_11:11:59, 0.000000, 0.000000, 26.637340
06/29/16_11:12:01, 0.000000, 0.000000, 26.637340
06/29/16_11:12:02, 0.000000, 0.000000, 26.637340
06/29/16_11:12:04, 0.000000, 0.000000, 26.637340
06/29/16_11:12:05, 0.000000, 0.000000, 26.637340
06/29/16_11:12:07, 0.000000, 0.000000, 26.637340
06/29/16_11:12:08, 0.000000, 0.000000, 27.614856
06/29/16_11:12:10, 0.000000, 0.000000, 26.637340
06/29/16_11:12:11, 0.000000, 0.000000, 26.637340
06/29/16_11:12:13, 0.000000, 0.000000, 26.637340
06/29/16_11:12:15, 0.000000, 0.000000, 26.637340
06/29/16_11:12:16, 0.000000, 0.000000, 26.637340
06/29/16_11:12:18, 0.000000, 0.000000, 26.637340
06/29/16_11:12:19, 0.000000, 0.000000, 26.637340
06/29/16_11:12:21, 0.000000, 0.000000, 26.637340
06/29/16_11:12:22, 0.000000, 0.000000, 25.659824
06/29/16_11:12:24, 0.000000, 0.000000, 26.637340
06/29/16_11:12:26, 0.000000, 0.000000, 25.659824
06/29/16_11:12:27, 0.000000, 0.000000, 24.682308
06/29/16_11:12:28, 0.000000, 0.000000, 25.659824
06/29/16_11:12:30, 0.000000, 0.000000, 25.659824
06/29/16_11:12:31, 0.000000, 0.000000, 25.659824
06/29/16_11:12:33, 0.000000, 0.000000, 25.659824
06/29/16_11:12:34, 0.000000, 0.000000, 27.614856
06/29/16_11:12:36, 0.000000, 0.000000, 26.637340
06/29/16_11:12:38, 0.000000, 0.000000, 25.659824
06/29/16_11:12:39, 0.000000, 0.000000, 26.637340
06/29/16_11:12:41, 0.000000, 0.000000, 25.659824
06/29/16_11:12:42, 0.000000, 0.000000, 26.637340
06/29/16_11:12:43, 0.000000, 0.000000, 26.637340
06/29/16_11:12:45, 0.000000, 0.000000, 25.659824
06/29/16_11:12:46, 0.000000, 0.000000, 25.659824
06/29/16_11:12:48, 0.000000, 0.000000, 26.637340
06/29/16_11:12:49, 0.000000, 0.000000, 26.637340
06/29/16_11:12:51, 0.000000, 0.000000, 26.637340
06/29/16_11:12:52, 0.000000, 0.000000, 26.637340
06/29/16_11:12:54, 0.000000, 0.000000, 26.637340
06/29/16_11:12:55, 0.000000, 0.000000, 26.637340
06/29/16_11:12:57, 0.000000, 0.000000, 25.659824
06/29/16_11:12:58, 0.000000, 0.000000, 25.659824
06/29/16_11:13:00, 0.000000, 0.000000, 26.637340
06/29/16_11:13:01, 0.000000, 0.000000, 25.659824
06/29/16_11:13:03, 0.000000, 0.000000, 26.637340
06/29/16_11:13:04, 0.000000, 0.000000, 25.659824
06/29/16_11:13:06, 0.000000, 0.000000, 25.659824
06/29/16_11:13:07, 0.000000, 0.000000, 25.659824
06/29/16_11:13:09, 0.000000, 0.000000, 26.637340
06/29/16_11:13:10, 0.000000, 0.000000, 26.637340
06/29/16_11:13:12, 0.000000, 0.000000, 25.659824
06/29/16_11:13:13, 0.000000, 0.000000, 25.659824
06/29/16_11:13:15, 0.000000, 0.000000, 25.659824
06/29/16_11:13:16, 0.000000, 0.000000, 25.659824
06/29/16_11:13:18, 0.000000, 0.000000, 25.659824
06/29/16_11:13:19, 0.000000, 0.000000, 26.637340
06/29/16_11:13:21, 0.000000, 0.000000, 25.659824
06/29/16_11:13:23, 0.000000, 0.000000, 25.659824
06/29/16_11:13:24, 0.000000, 0.000000, 25.659824
06/29/16_11:13:25, 0.000000, 0.000000, 25.659824
06/29/16_11:13:27, 0.000000, 0.000000, 25.659824
06/29/16_11:13:28, 0.000000, 0.000000, 25.659824
06/29/16_11:13:30, 0.000000, 0.000000, 25.659824
06/29/16_11:13:32, 0.000000, 0.000000, 26.637340
06/29/16_11:13:33, 0.000188, 0.000000, 25.659824
06/29/16_11:13:35, 0.000000, 0.000000, 25.659824
06/29/16_11:13:36, 0.000000, 0.000000, 25.659824
06/29/16_11:13:37, 0.000000, 0.000000, 25.659824
06/29/16_11:13:39, 0.000000, 0.000000, 25.659824
06/29/16_11:13:40, 0.000000, 0.000000, 25.659824
06/29/16_11:13:42, 0.000000, 0.000000, 25.659824
06/29/16_11:13:43, 0.000000, 0.000000, 25.659824
06/29/16_11:13:45, 0.000000, 0.000000, 24.682308
06/29/16_11:13:46, 0.000000, 0.000000, 25.659824
06/29/16_11:13:48, 0.000000, 0.000000, 25.659824
06/29/16_11:13:50, 0.000000, 0.000000, 26.637340
06/29/16_11:13:51, 0.000000, 0.000000, 24.682308
06/29/16_11:13:53, 0.000000, 0.000000, 25.659824
06/29/16_11:13:54, 0.000000, 0.000000, 25.659824
06/29/16_11:13:56, 0.000000, 0.000000, 25.659824
06/29/16_11:13:57, 0.000000, 0.000000, 25.659824
06/29/16_11:13:59, 0.000000, 0.000000, 25.659824
06/29/16_11:14:00, 0.000000, 0.000000, 25.659824
06/29/16_11:14:02, 0.000000, 0.000000, 25.659824
06/29/16_11:14:03, 0.000000, 0.000000, 25.659824
06/29/16_11:14:05, 0.000000, 0.000000, 25.659824
06/29/16_11:14:06, 0.000000, 0.000000, 25.659824
06/29/16_11:14:08, 0.000000, 0.000000, 26.637340
06/29/16_11:14:09, 0.000000, 0.000000, 26.637340
06/29/16_11:14:11, 0.000000, 0.000000, 25.659824
06/29/16_11:14:12, 0.000000, 0.000000, 25.659824
06/29/16_11:14:14, 0.000000, 0.000000, 26.637340
06/29/16_11:14:16, 0.000000, 0.000000, 25.659824
06/29/16_11:14:17, 0.000000, 0.000000, 24.682308
06/29/16_11:14:19, 0.000000, 0.000000, 25.659824
06/29/16_11:14:20, 0.000000, 0.000000, 25.659824
06/29/16_11:14:22, 0.000000, 0.000000, 25.659824
06/29/16_11:14:23, 0.000000, 0.000000, 25.659824
06/29/16_11:14:25, 0.000000, 0.000000, 25.659824
06/29/16_11:14:26, 0.000000, 0.000000, 25.659824
06/29/16_11:14:28, 0.000000, 0.000000, 25.659824
06/29/16_11:14:29, 0.000000, 0.000000, 25.659824
06/29/16_11:14:31, 0.000000, 0.000000, 25.659824
06/29/16_11:14:32, 0.000000, 0.000000, 26.637340
06/29/16_11:14:34, 0.000000, 0.000000, 26.637340
06/29/16_11:14:36, 0.000000, 0.000000, 25.659824
06/29/16_11:14:37, 0.000000, 0.000000, 26.637340
06/29/16_11:14:38, 0.000000, 0.000000, 25.659824
06/29/16_11:14:40, 0.000000, 0.000000, 26.637340
06/29/16_11:14:42, 0.000000, 0.000000, 26.637340
06/29/16_11:14:43, 0.000000, 0.000000, 25.659824
06/29/16_11:14:45, 0.000000, 0.000000, 26.637340
06/29/16_11:14:46, 0.000000, 0.000000, 26.637340
06/29/16_11:14:48, 0.000000, 0.000000, 26.637340
06/29/16_11:14:49, 0.000000, 0.000000, 26.637340
06/29/16_11:14:51, 0.000000, 0.000000, 26.637340
06/29/16_11:14:52, 0.000000, 0.000000, 26.637340
06/29/16_11:14:54, 0.000000, 0.000000, 25.659824
06/29/16_11:14:55, 0.000000, 0.000000, 23.704792
06/29/16_11:14:57, 0.000000, 0.000000, 25.659824
06/29/16_11:14:58, 0.000000, 0.000000, 25.659824
06/29/16_11:15:00, 0.000000, 0.000000, 25.659824
06/29/16_11:15:01, 0.000000, 0.000000, 25.659824
06/29/16_11:15:02, 0.000000, 0.000000, 25.659824
06/29/16_11:15:04, 0.000000, 0.000000, 24.682308
06/29/16_11:15:05, 0.000000, 0.000000, 25.659824
06/29/16_11:15:07, 0.000000, 0.000000, 25.659824
06/29/16_11:15:08, 0.000000, 0.000000, 25.659824
06/29/16_11:15:10, 0.000000, 0.000000, 25.659824
06/29/16_11:15:11, 0.000000, 0.000000, 25.659824
06/29/16_11:15:13, 0.000000, 0.000000, 25.659824
06/29/16_11:15:14, 0.000000, 0.000000, 25.659824
06/29/16_11:15:16, 0.000000, 0.000000, 25.659824
06/29/16_11:15:17, 0.000000, 0.000000, 25.659824
06/29/16_11:15:19, 0.000000, 0.000000, 25.659824
06/29/16_11:15:21, 0.000000, 0.000000, 25.659824
06/29/16_11:15:22, 0.000000, 0.000000, 23.704792
06/29/16_11:15:24, 0.000000, 0.000000, 25.659824
06/29/16_11:15:25, 0.000000, 0.000000, 25.659824
06/29/16_11:15:26, 0.000000, 0.000000, 30.547405
06/29/16_11:15:28, 0.000000, 0.000000, 24.682308
06/29/16_11:15:29, 0.000000, 0.000000, 24.682308
06/29/16_11:15:31, 0.000000, 0.000000, 25.659824
06/29/16_11:15:32, 0.000000, 0.000000, 26.637340
06/29/16_11:15:34, 0.000000, 0.000000, 25.659824
06/29/16_11:15:36, 0.000000, 0.000000, 26.637340
06/29/16_11:15:37, 0.000000, 0.000000, 25.659824
06/29/16_11:15:39, 0.000000, 0.000000, 26.637340
06/29/16_11:15:40, 0.000000, 0.000000, 25.659824
06/29/16_11:15:42, 0.000000, 0.000000, 25.659824
06/29/16_11:15:43, 0.000000, 0.000000, 25.659824
06/29/16_11:15:45, 0.000000, 0.000000, 25.659824
06/29/16_11:15:46, 0.000000, 0.000000, 25.659824
06/29/16_11:15:48, 0.000000, 0.000000, 25.659824
06/29/16_11:15:49, 0.000000, 0.000000, 25.659824
06/29/16_11:15:51, 0.000000, 0.000000, 25.659824
06/29/16_11:15:52, 0.000000, 0.000000, 25.659824
06/29/16_11:15:54, 0.000000, 0.000000, 25.659824
06/29/16_11:15:55, 0.000000, 0.000000, 25.659824
06/29/16_11:15:57, 0.000000, 0.000000, 25.659824
06/29/16_11:15:59, 0.000000, 0.000000, 25.659824
06/29/16_11:16:00, 0.000000, 0.000000, 25.659824
06/29/16_11:16:02, 0.000000, 0.000000, 25.659824
06/29/16_11:16:03, 0.000000, 0.000000, 25.659824
06/29/16_11:16:05, 0.000000, 0.000000, 25.659824
06/29/16_11:16:06, 0.000000, 0.000000, 25.659824
06/29/16_11:16:08, 0.000000, 0.000000, 25.659824
06/29/16_11:16:09, 0.000000, 0.000000, 25.659824
06/29/16_11:16:11, 0.000000, 0.000000, 25.659824
06/29/16_11:16:12, 0.000000, 0.000000, 23.704792
06/29/16_11:16:14, 0.000000, 0.000000, 25.659824
06/29/16_11:16:15, 0.000000, 0.000000, 25.659824
06/29/16_11:16:17, 0.000000, 0.000000, 25.659824
06/29/16_11:16:18, 0.000000, 0.000000, 25.659824
06/29/16_11:16:20, 0.000000, 0.000000, 25.659824
06/29/16_11:16:21, 0.000000, 0.000000, 25.659824
06/29/16_11:16:23, 0.000000, 0.000000, 26.637340
06/29/16_11:16:24, 0.000000, 0.000000, 25.659824
06/29/16_11:16:26, 0.000000, 0.000000, 26.637340
06/29/16_11:16:27, 0.000000, 0.000000, 23.704792
06/29/16_11:16:29, 0.000000, 0.000000, 25.659824
06/29/16_11:16:30, 0.000000, 0.000000, 25.659824
06/29/16_11:16:32, 0.000000, 0.000000, 25.659824
06/29/16_11:16:33, 0.000000, 0.000000, 25.659824
06/29/16_11:16:35, 0.000000, 0.000000, 25.659824
06/29/16_11:16:36, 0.000000, 0.000000, 33.479953
06/29/16_11:16:38, 0.000000, 0.000000, 25.659824
06/29/16_11:16:40, 0.000000, 0.000000, 25.659824
06/29/16_11:16:41, 0.000000, 0.000000, 22.727275
06/29/16_11:16:43, 0.000000, 0.000000, 24.682308
06/29/16_11:16:44, 0.000000, 0.000000, 25.659824
06/29/16_11:16:46, 0.000000, 0.000000, 25.659824
06/29/16_11:16:47, 0.000000, 0.000000, 25.659824
06/29/16_11:16:49, 0.000000, 0.000000, 24.682308
06/29/16_11:16:50, 0.000000, 0.000000, 24.682308
06/29/16_11:16:52, 0.000000, 0.000000, 25.659824
06/29/16_11:16:53, 0.000000, 0.000000, 25.659824
06/29/16_11:16:55, 0.000000, 0.000000, 25.659824
06/29/16_11:16:56, 0.000000, 0.000000, 25.659824
06/29/16_11:16:58, 0.000000, 0.000000, 25.659824
06/29/16_11:17:00, 0.000000, 0.000000, 24.682308
06/29/16_11:17:01, 0.000000, 0.000000, 25.659824
06/29/16_11:17:03, 0.000000, 0.000000, 25.659824
06/29/16_11:17:04, 0.000000, 0.000000, 25.659824
06/29/16_11:17:06, 0.000000, 0.000000, 24.682308
06/29/16_11:17:07, 0.000000, 0.000000, 25.659824
06/29/16_11:17:09, 0.000000, 0.000000, 25.659824
06/29/16_11:17:10, 0.000000, 0.000000, 24.682308
06/29/16_11:17:12, 0.000000, 0.000000, 24.682308
06/29/16_11:17:13, 0.000000, 0.000000, 25.659824
06/29/16_11:17:15, 0.000000, 0.000000, 24.682308
06/29/16_11:17:16, 0.000000, 0.000000, 25.659824
06/29/16_11:17:18, 0.000000, 0.000000, 25.659824
06/29/16_11:17:19, 0.000000, 0.000000, 25.659824
06/29/16_11:17:21, 0.000000, 0.000000, 25.659824
06/29/16_11:17:22, 0.000000, 0.000000, 25.659824
06/29/16_11:17:24, 0.000000, 0.000000, 25.659824
06/29/16_11:17:25, 0.000000, 0.000000, 25.659824
06/29/16_11:17:27, 0.000000, 0.000000, 24.682308
06/29/16_11:17:29, 0.000000, 0.000000, 25.659824
06/29/16_11:17:30, 0.000000, 0.000000, 25.659824
06/29/16_11:17:32, 0.000000, 0.000000, 25.659824
06/29/16_11:17:33, 0.000000, 0.000000, 25.659824
06/29/16_11:17:35, 0.000000, 0.000000, 25.659824
06/29/16_11:17:36, 0.000000, 0.000000, 25.659824
06/29/16_11:17:38, 0.000000, 0.000000, 25.659824
06/29/16_11:17:39, 0.000000, 0.000000, 25.659824
06/29/16_11:17:41, 0.000000, 0.000000, 25.659824
06/29/16_11:17:42, 0.000000, 0.000000, 25.659824
06/29/16_11:17:44, 0.000000, 0.000000, 25.659824
06/29/16_11:17:45, 0.000000, 0.000000, 25.659824
06/29/16_11:17:47, 0.000000, 0.000000, 25.659824
06/29/16_11:17:48, 0.000000, 0.000000, 25.659824
06/29/16_11:17:50, 0.000000, 0.000000, 25.659824
06/29/16_11:17:51, 0.000000, 0.000000, 25.659824
06/29/16_11:17:53, 0.000000, 0.000000, 25.659824
06/29/16_11:17:54, 0.000000, 0.000000, 25.659824
06/29/16_11:17:56, 0.000000, 0.000000, 25.659824
06/29/16_11:17:57, 0.000000, 0.000000, 25.659824
06/29/16_11:17:59, 0.000000, 0.000000, 25.659824
06/29/16_11:18:00, 0.000000, 0.000000, 25.659824
06/29/16_11:18:02, 0.000000, 0.000000, 24.682308
06/29/16_11:18:04, 0.000000, 0.000000, 24.682308
06/29/16_11:18:05, 0.000000, 0.000000, 25.659824
06/29/16_11:18:07, 0.000188, 0.000000, 25.659824
06/29/16_11:18:08, 0.000000, 0.000000, 25.659824
06/29/16_11:18:10, 0.000000, 0.000000, 24.682308
06/29/16_11:18:11, 0.000000, 0.000000, 25.659824
06/29/16_11:18:13, 0.000000, 0.000000, 25.659824
06/29/16_11:18:14, 0.000000, 0.000000, 25.659824
06/29/16_11:18:16, 0.000000, 0.000000, 24.682308
06/29/16_11:18:17, 0.000000, 0.000000, 25.659824
06/29/16_11:18:19, 0.000000, 0.000000, 25.659824
06/29/16_11:18:20, 0.000000, 0.000000, 25.659824
06/29/16_11:18:22, 0.000000, 0.000000, 25.659824
06/29/16_11:18:23, 0.000000, 0.000000, 25.659824
06/29/16_11:18:25, 0.000000, 0.000000, 25.659824
06/29/16_11:18:26, 0.000000, 0.000000, 25.659824
06/29/16_11:18:28, 0.000000, 0.000000, 25.659824
06/29/16_11:18:30, 0.000000, 0.000000, 25.659824
06/29/16_11:18:31, 0.000000, 0.000000, 25.659824
06/29/16_11:18:33, 0.000000, 0.000000, 25.659824
06/29/16_11:18:34, 0.000000, 0.000000, 24.682308
06/29/16_11:18:36, 0.000000, 0.000000, 25.659824
06/29/16_11:18:37, 0.000000, 0.000000, 25.659824
06/29/16_11:18:39, 0.000000, 0.000000, 24.682308
06/29/16_11:18:40, 0.000000, 0.000000, 24.682308
06/29/16_11:18:41, 0.000000, 0.000000, 24.682308
06/29/16_11:18:43, 0.000000, 0.000000, 24.682308
06/29/16_11:18:44, 0.000000, 0.000000, 24.682308
06/29/16_11:18:46, 0.000000, 0.000000, 25.659824
06/29/16_11:18:47, 0.000000, 0.000000, 24.682308
06/29/16_11:18:49, 0.000000, 0.000000, 25.659824
06/29/16_11:18:51, 0.000000, 0.000000, 24.682308
06/29/16_11:18:52, 0.000000, 0.000000, 24.682308
06/29/16_11:18:54, 0.000000, 0.000000, 25.659824
06/29/16_11:18:55, 0.000000, 0.000000, 25.659824
06/29/16_11:18:57, 0.000000, 0.000000, 25.659824
06/29/16_11:18:58, 0.000000, 0.000000, 26.637340
06/29/16_11:19:00, 0.000000, 0.000000, 25.659824
06/29/16_11:19:01, 0.000000, 0.000000, 25.659824
06/29/16_11:19:03, 0.000000, 0.000000, 25.659824
06/29/16_11:19:04, 0.000000, 0.000000, 25.659824
06/29/16_11:19:06, 0.000000, 0.000000, 25.659824
06/29/16_11:19:07, 0.000000, 0.000000, 25.659824
06/29/16_11:19:09, 0.000000, 0.000000, 25.659824
06/29/16_11:19:10, 0.000000, 0.000000, 25.659824
06/29/16_11:19:12, 0.000000, 0.000000, 25.659824
06/29/16_11:19:13, 0.000000, 0.000000, 26.637340
06/29/16_11:19:15, 0.000000, 0.000000, 25.659824
06/29/16_11:19:16, 0.000000, 0.000188, 25.659824
06/29/16_11:19:18, 0.000000, 0.000000, 25.659824
06/29/16_11:19:19, 0.000000, 0.000000, 25.659824
06/29/16_11:19:21, 0.000000, 0.000000, 25.659824
06/29/16_11:19:22, 0.000000, 0.000000, 25.659824
06/29/16_11:19:24, 0.000000, 0.000000, 25.659824
06/29/16_11:19:26, 0.000000, 0.000000, 25.659824
06/29/16_11:19:27, 0.000000, 0.000000, 25.659824
06/29/16_11:19:28, 0.000000, 0.000000, 25.659824
06/29/16_11:19:30, 0.000000, 0.000000, 25.659824
06/29/16_11:19:31, 0.000000, 0.000000, 25.659824
06/29/16_11:19:33, 0.000000, 0.000000, 25.659824
06/29/16_11:19:34, 0.000000, 0.000000, 25.659824
06/29/16_11:19:36, 0.000000, 0.000000, 25.659824
06/29/16_11:19:37, 0.000000, 0.000000, 25.659824
06/29/16_11:19:39, 0.000000, 0.000000, 25.659824
06/29/16_11:19:40, 0.000000, 0.000000, 25.659824
06/29/16_11:19:42, 0.000000, 0.000000, 26.637340
06/29/16_11:19:43, 0.000000, 0.000000, 25.659824
06/29/16_11:19:45, 0.000000, 0.000000, 24.682308
06/29/16_11:19:46, 0.000000, 0.000000, 24.682308
06/29/16_11:19:48, 0.000000, 0.000000, 25.659824
06/29/16_11:19:49, 0.000000, 0.000000, 24.682308
06/29/16_11:19:51, 0.000000, 0.000000, 25.659824
06/29/16_11:19:52, 0.000000, 0.000000, 25.659824
06/29/16_11:19:54, 0.000000, 0.000000, 25.659824
06/29/16_11:19:56, 0.000000, 0.000000, 25.659824
06/29/16_11:19:57, 0.000000, 0.000000, 25.659824
06/29/16_11:19:59, 0.000000, 0.000000, 24.682308
06/29/16_11:20:00, 0.000000, 0.000000, 25.659824
06/29/16_11:20:02, 0.000000, 0.000000, 25.659824
06/29/16_11:20:03, 0.000000, 0.000000, 25.659824
06/29/16_11:20:05, 0.000000, 0.000000, 25.659824
06/29/16_11:20:06, 0.000000, 0.000000, 25.659824
06/29/16_11:20:08, 0.000000, 0.000000, 25.659824
06/29/16_11:20:09, 0.000000, 0.000000, 25.659824
06/29/16_11:20:11, 0.000000, 0.000000, 25.659824
06/29/16_11:20:12, 0.000000, 0.000000, 25.659824
06/29/16_11:20:14, 0.000000, 0.000000, 25.659824
06/29/16_11:20:15, 0.000000, 0.000000, 25.659824
06/29/16_11:20:17, 0.000188, 0.000000, 25.659824
06/29/16_11:20:18, 0.000000, 0.000000, 25.659824
06/29/16_11:20:20, 0.000000, 0.000000, 26.637340
06/29/16_11:20:21, 0.000000, 0.000000, 25.659824
06/29/16_11:20:23, 0.000000, 0.000000, 25.659824
06/29/16_11:20:24, 0.000000, 0.000000, 25.659824
06/29/16_11:20:26, 0.000000, 0.000000, 25.659824
06/29/16_11:20:27, 0.000000, 0.000000, 26.637340
06/29/16_11:20:29, 0.000188, 0.000000, 25.659824
06/29/16_11:20:30, 0.000000, 0.000000, 26.637340
06/29/16_11:20:32, 0.000000, 0.000000, 28.592372
06/29/16_11:20:33, 0.000000, 0.000000, 25.659824
06/29/16_11:20:35, 0.000000, 0.000000, 25.659824
06/29/16_11:20:36, 0.000000, 0.000000, 27.614856
06/29/16_11:20:38, 0.000000, 0.000000, 25.659824
06/29/16_11:20:39, 0.000000, 0.000000, 25.659824
06/29/16_11:20:41, 0.000000, 0.000000, 25.659824
06/29/16_11:20:42, 0.000000, 0.000000, 26.637340
06/29/16_11:20:44, 0.000000, 0.000188, 25.659824
06/29/16_11:20:45, 0.000000, 0.000000, 26.637340
06/29/16_11:20:47, 0.000000, 0.000000, 25.659824
06/29/16_11:20:49, 0.000000, 0.000000, 25.659824
06/29/16_11:20:50, 0.000000, 0.000000, 25.659824
06/29/16_11:20:52, 0.000188, 0.000000, 25.659824
06/29/16_11:20:53, 0.000000, 0.000000, 24.682308
06/29/16_11:20:55, 0.000000, 0.000000, 26.637340
06/29/16_11:20:56, 0.000000, 0.000000, 25.659824
06/29/16_11:20:58, 0.000000, 0.000000, 25.659824
06/29/16_11:20:59, 0.000000, 0.000000, 25.659824
06/29/16_11:21:01, 0.000000, 0.000000, 25.659824
06/29/16_11:21:02, 0.000000, 0.000000, 25.659824
06/29/16_11:21:04, 0.000000, 0.000000, 23.704792
06/29/16_11:21:05, 0.000000, 0.000000, 25.659824
06/29/16_11:21:07, 0.000000, 0.000000, 25.659824
06/29/16_11:21:09, 0.000000, 0.000000, 25.659824
06/29/16_11:21:10, 0.000000, 0.000000, 25.659824
06/29/16_11:21:12, 0.000000, 0.000188, 26.637340
06/29/16_11:21:13, 0.000000, 0.000000, 26.637340
06/29/16_11:21:15, 0.000000, 0.000000, 26.637340
06/29/16_11:21:16, 0.000000, 0.000000, 26.637340
06/29/16_11:21:18, 0.000000, 0.000000, 26.637340
06/29/16_11:21:19, 0.000000, 0.000000, 25.659824
06/29/16_11:21:21, 0.000000, 0.000000, 25.659824
06/29/16_11:21:22, 0.000000, 0.000000, 25.659824
06/29/16_11:21:24, 0.000000, 0.000000, 24.682308
06/29/16_11:21:25, 0.000188, 0.000000, 25.659824
06/29/16_11:21:27, 0.000188, 0.000000, 25.659824
06/29/16_11:21:28, 0.000000, 0.000000, 25.659824
06/29/16_11:21:30, 0.000000, 0.000000, 25.659824
06/29/16_11:21:31, 0.000000, 0.000000, 25.659824
06/29/16_11:21:33, 0.000000, 0.000000, 25.659824
06/29/16_11:21:34, 0.000000, 0.000000, 25.659824
06/29/16_11:21:36, 0.000000, 0.000000, 25.659824
06/29/16_11:21:37, 0.000000, 0.000000, 25.659824
06/29/16_11:21:39, 0.000000, 0.000000, 25.659824
06/29/16_11:21:40, 0.000000, 0.000000, 24.682308
06/29/16_11:21:42, 0.000000, 0.000000, 25.659824
06/29/16_11:21:43, 0.000000, 0.000000, 25.659824
06/29/16_11:21:45, 0.000000, 0.000000, 25.659824
06/29/16_11:21:46, 0.000000, 0.000000, 25.659824
06/29/16_11:21:48, 0.000000, 0.000000, 24.682308
06/29/16_11:21:49, 0.000000, 0.000000, 25.659824
06/29/16_11:21:51, 0.000000, 0.000000, 24.682308
06/29/16_11:21:53, 0.000000, 0.000000, 25.659824
06/29/16_11:21:54, 0.000000, 0.000000, 25.659824
06/29/16_11:21:56, 0.000000, 0.000000, 25.659824
06/29/16_11:21:57, 0.000000, 0.000000, 25.659824
06/29/16_11:21:59, 0.000000, 0.000000, 23.704792
06/29/16_11:22:00, 0.000000, 0.000000, 24.682308
06/29/16_11:22:02, 0.000000, 0.000000, 25.659824
06/29/16_11:22:03, 0.000000, 0.000000, 25.659824
06/29/16_11:22:05, 0.000000, 0.000000, 25.659824
06/29/16_11:22:06, 0.000000, 0.000000, 25.659824
06/29/16_11:22:08, 0.000000, 0.000000, 25.659824
06/29/16_11:22:09, 0.000000, 0.000000, 26.637340
06/29/16_11:22:11, 0.000000, 0.000000, 25.659824
06/29/16_11:22:12, 0.000000, 0.000000, 25.659824
06/29/16_11:22:14, 0.000000, 0.000000, 25.659824
06/29/16_11:22:15, 0.000000, 0.000000, 25.659824
06/29/16_11:22:16, 0.000000, 0.000000, 25.659824
06/29/16_11:22:18, 0.000000, 0.000000, 25.659824
06/29/16_11:22:19, 0.000000, 0.000000, 25.659824
06/29/16_11:22:21, 0.000000, 0.000000, 25.659824
06/29/16_11:22:22, 0.000000, 0.000000, 25.659824
06/29/16_11:22:24, 0.000000, 0.000000, 26.637340
06/29/16_11:22:26, 0.000000, 0.000000, 26.637340
06/29/16_11:22:27, 0.000000, 0.000000, 25.659824
06/29/16_11:22:28, 0.000000, 0.000000, 25.659824
06/29/16_11:22:30, 0.000000, 0.000000, 26.637340
06/29/16_11:22:31, 0.000000, 0.000000, 25.659824
06/29/16_11:22:33, 0.000000, 0.000000, 25.659824
06/29/16_11:22:34, 0.000000, 0.000000, 25.659824
06/29/16_11:22:36, 0.000000, 0.000000, 26.637340
06/29/16_11:22:38, 0.000000, 0.000000, 25.659824
06/29/16_11:22:39, 0.000000, 0.000000, 25.659824
06/29/16_11:22:40, 0.000000, 0.000000, 25.659824
06/29/16_11:22:42, 0.000000, 0.000000, 25.659824
06/29/16_11:22:43, 0.000000, 0.000000, 25.659824
06/29/16_11:22:45, 0.000000, 0.000000, 25.659824
06/29/16_11:22:46, 0.000000, 0.000000, 25.659824
06/29/16_11:22:48, 0.000000, 0.000000, 25.659824
06/29/16_11:22:49, 0.000000, 0.000000, 25.659824
06/29/16_11:22:51, 0.000000, 0.000000, 24.682308
06/29/16_11:22:52, 0.000000, 0.000000, 25.659824
06/29/16_11:22:54, 0.000000, 0.000000, 25.659824
06/29/16_11:22:55, 0.000000, 0.000000, 25.659824
06/29/16_11:22:57, 0.000000, 0.000000, 25.659824
06/29/16_11:22:58, 0.000000, 0.000000, 25.659824
06/29/16_11:23:00, 0.000000, 0.000000, 25.659824
06/29/16_11:23:01, 0.000000, 0.000000, 25.659824
06/29/16_11:23:03, 0.000188, 0.000000, 25.659824
06/29/16_11:23:04, 0.000000, 0.000000, 25.659824
06/29/16_11:23:06, 0.000000, 0.000000, 25.659824
06/29/16_11:23:07, 0.000000, 0.000000, 25.659824
06/29/16_11:23:09, 0.000000, 0.000000, 25.659824
06/29/16_11:23:10, 0.000188, 0.000000, 25.659824
06/29/16_11:23:12, 0.000000, 0.000000, 25.659824
06/29/16_11:23:13, 0.000000, 0.000000, 25.659824
06/29/16_11:23:15, 0.000000, 0.000000, 24.682308
06/29/16_11:23:16, 0.000000, 0.000000, 25.659824
06/29/16_11:23:18, 0.000000, 0.000000, 25.659824
06/29/16_11:23:20, 0.000000, 0.000000, 25.659824
06/29/16_11:23:21, 0.000000, 0.000000, 25.659824
06/29/16_11:23:23, 0.000000, 0.000000, 25.659824
06/29/16_11:23:24, 0.000000, 0.000000, 24.682308
06/29/16_11:23:26, 0.000000, 0.000000, 26.637340
06/29/16_11:23:27, 0.000000, 0.000000, 25.659824
06/29/16_11:23:29, 0.000000, 0.000000, 26.637340
06/29/16_11:23:30, 0.000000, 0.000000, 26.637340
06/29/16_11:23:32, 0.000188, 0.000000, 24.682308
06/29/16_11:23:33, 0.000000, 0.000000, 26.637340
06/29/16_11:23:35, 0.000000, 0.000000, 26.637340
06/29/16_11:23:37, 0.000000, 0.000000, 25.659824
06/29/16_11:23:38, 0.000000, 0.000000, 25.659824
06/29/16_11:23:40, 0.000000, 0.000000, 25.659824
06/29/16_11:23:41, 0.000000, 0.000000, 25.659824
06/29/16_11:23:43, 0.000000, 0.000000, 25.659824
06/29/16_11:23:45, 0.000000, 0.000000, 25.659824
06/29/16_11:23:46, 0.000000, 0.000000, 25.659824
06/29/16_11:23:48, 0.000000, 0.000000, 24.682308
06/29/16_11:23:49, 0.000000, 0.000000, 25.659824
06/29/16_11:23:51, 0.000000, 0.000000, 27.614856
06/29/16_11:23:52, 0.000000, 0.000000, 25.659824
06/29/16_11:23:54, 0.000000, 0.000000, 26.637340
06/29/16_11:23:55, 0.000000, 0.000000, 26.637340
06/29/16_11:23:57, 0.000188, 0.000000, 26.637340
06/29/16_11:23:58, 0.000000, 0.000188, 26.637340
06/29/16_11:24:00, 0.000000, 0.000000, 26.637340
06/29/16_11:24:01, 0.000000, 0.000000, 26.637340
06/29/16_11:24:03, 0.000000, 0.000000, 26.637340
06/29/16_11:24:04, 0.000000, 0.000000, 25.659824
06/29/16_11:24:06, 0.000000, 0.000000, 25.659824
06/29/16_11:24:07, 0.000000, 0.000000, 25.659824
06/29/16_11:24:09, 0.000000, 0.000000, 25.659824
06/29/16_11:24:10, 0.000000, 0.000000, 25.659824
06/29/16_11:24:12, 0.000000, 0.000000, 25.659824
06/29/16_11:24:13, 0.000000, 0.000000, 25.659824
06/29/16_11:24:15, 0.000000, 0.000000, 25.659824
06/29/16_11:24:16, 0.000000, 0.000000, 25.659824
06/29/16_11:24:18, 0.000000, 0.000000, 25.659824
06/29/16_11:24:19, 0.000000, 0.000000, 25.659824
06/29/16_11:24:21, 0.000000, 0.000000, 25.659824
06/29/16_11:24:22, 0.000000, 0.000000, 25.659824
06/29/16_11:24:24, 0.000000, 0.000000, 25.659824
06/29/16_11:24:25, 0.000000, 0.000000, 25.659824
06/29/16_11:24:27, 0.000000, 0.000000, 25.659824
06/29/16_11:24:28, 0.000000, 0.000000, 26.637340
06/29/16_11:24:30, 0.000000, 0.000000, 26.637340
06/29/16_11:24:31, 0.000188, 0.000000, 25.659824
06/29/16_11:24:33, 0.000000, 0.000000, 26.637340
06/29/16_11:24:35, 0.000000, 0.000000, 25.659824
06/29/16_11:24:36, 0.000000, 0.000000, 27.614856
06/29/16_11:24:37, 0.000000, 0.000000, 26.637340
06/29/16_11:24:39, 0.000000, 0.000000, 26.637340
06/29/16_11:24:40, 0.000000, 0.000000, 26.637340
06/29/16_11:24:42, 0.000000, 0.000000, 26.637340
06/29/16_11:24:43, 0.000000, 0.000000, 27.614856
06/29/16_11:24:45, 0.000000, 0.000000, 26.637340
06/29/16_11:24:46, 0.000000, 0.000000, 26.637340
06/29/16_11:24:48, 0.000000, 0.000000, 25.659824
06/29/16_11:24:49, 0.000000, 0.000000, 25.659824
06/29/16_11:24:51, 0.000000, 0.000000, 25.659824
06/29/16_11:24:53, 0.000000, 0.000000, 25.659824
06/29/16_11:24:54, 0.000000, 0.000000, 26.637340
06/29/16_11:24:56, 0.000000, 0.000000, 26.637340
06/29/16_11:24:57, 0.000000, 0.000000, 26.637340
06/29/16_11:24:59, 0.000000, 0.000000, 25.659824
06/29/16_11:25:00, 0.000000, 0.000000, 26.637340
06/29/16_11:25:02, 0.000000, 0.000000, 25.659824
06/29/16_11:25:03, 0.000000, 0.000000, 25.659824
06/29/16_11:25:04, 0.000000, 0.000000, 26.637340
06/29/16_11:25:06, 0.000000, 0.000000, 25.659824
06/29/16_11:25:07, 0.000000, 0.000000, 25.659824
06/29/16_11:25:09, 0.000000, 0.000000, 25.659824
06/29/16_11:25:11, 0.000000, 0.000000, 25.659824
06/29/16_11:25:12, 0.000000, 0.000000, 25.659824
06/29/16_11:25:14, 0.000000, 0.000000, 25.659824
06/29/16_11:25:15, 0.000000, 0.000000, 25.659824
06/29/16_11:25:17, 0.000000, 0.000000, 25.659824
06/29/16_11:25:18, 0.000000, 0.000000, 26.637340
06/29/16_11:25:20, 0.000188, 0.000000, 25.659824
06/29/16_11:25:21, 0.000000, 0.000000, 26.637340
06/29/16_11:25:23, 0.000000, 0.000000, 25.659824
06/29/16_11:25:24, 0.000000, 0.000000, 25.659824
06/29/16_11:25:26, 0.000188, 0.000000, 25.659824
06/29/16_11:25:27, 0.000000, 0.000000, 25.659824
06/29/16_11:25:29, 0.000000, 0.000000, 25.659824
06/29/16_11:25:30, 0.000000, 0.000000, 25.659824
06/29/16_11:25:32, 0.000000, 0.000000, 25.659824
06/29/16_11:25:33, 0.000000, 0.000000, 25.659824
06/29/16_11:25:35, 0.000000, 0.000000, 26.637340
06/29/16_11:25:36, 0.000000, 0.000000, 25.659824
06/29/16_11:25:38, 0.000000, 0.000000, 25.659824
06/29/16_11:25:39, 0.000000, 0.000000, 26.637340
06/29/16_11:25:41, 0.000000, 0.000000, 26.637340
06/29/16_11:25:42, 0.000000, 0.000000, 26.637340
06/29/16_11:25:44, 0.000000, 0.000000, 26.637340
06/29/16_11:25:45, 0.000000, 0.000000, 26.637340
06/29/16_11:25:47, 0.000000, 0.000000, 26.637340
06/29/16_11:25:48, 0.000000, 0.000000, 26.637340
06/29/16_11:25:50, 0.000000, 0.000000, 26.637340
06/29/16_11:25:51, 0.000188, 0.000000, 27.614856
06/29/16_11:25:53, 0.000000, 0.000000, 25.659824
06/29/16_11:25:54, 0.000000, 0.000000, 26.637340
06/29/16_11:25:56, 0.000000, 0.000000, 25.659824
06/29/16_11:25:57, 0.000000, 0.000000, 25.659824
06/29/16_11:25:59, 0.000000, 0.000000, 25.659824
06/29/16_11:26:00, 0.000000, 0.000000, 25.659824
06/29/16_11:26:02, 0.000000, 0.000000, 25.659824
06/29/16_11:26:03, 0.000000, 0.000000, 25.659824
06/29/16_11:26:05, 0.000000, 0.000000, 25.659824
06/29/16_11:26:06, 0.000000, 0.000000, 25.659824
06/29/16_11:26:08, 0.000000, 0.000000, 25.659824
06/29/16_11:26:09, 0.000000, 0.000000, 25.659824
06/29/16_11:26:11, 0.000000, 0.000000, 25.659824
06/29/16_11:26:12, 0.000000, 0.000000, 25.659824
06/29/16_11:26:14, 0.000000, 0.000000, 29.569889
06/29/16_11:26:15, 0.000000, 0.000000, 25.659824
06/29/16_11:26:17, 0.000000, 0.000000, 25.659824
06/29/16_11:26:18, 0.000000, 0.000000, 25.659824
06/29/16_11:26:20, 0.000000, 0.000000, 25.659824
06/29/16_11:26:21, 0.000000, 0.000000, 26.637340
06/29/16_11:26:23, 0.000000, 0.000000, 25.659824
06/29/16_11:26:24, 0.000000, 0.000000, 24.682308
06/29/16_11:26:26, 0.000000, 0.000000, 25.659824
06/29/16_11:26:27, 0.000000, 0.000000, 24.682308
06/29/16_11:26:29, 0.000000, 0.000000, 24.682308
06/29/16_11:26:30, 0.000000, 0.000000, 24.682308
06/29/16_11:26:32, 0.000000, 0.000000, 24.682308
06/29/16_11:26:33, 0.000000, 0.000000, 24.682308
06/29/16_11:26:35, 0.000000, 0.000000, 25.659824
06/29/16_11:26:36, 0.000000, 0.000000, 25.659824
06/29/16_11:26:38, 0.000000, 0.000000, 25.659824
06/29/16_11:26:39, 0.000000, 0.000000, 24.682308
06/29/16_11:26:41, 0.000000, 0.000000, 25.659824
06/29/16_11:26:43, 0.000000, 0.000000, 25.659824
06/29/16_11:26:44, 0.000000, 0.000000, 25.659824
06/29/16_11:26:46, 0.000000, 0.000000, 29.569889
06/29/16_11:26:47, 0.000000, 0.000000, 23.704792
06/29/16_11:26:49, 0.000000, 0.000000, 25.659824
06/29/16_11:26:50, 0.000000, 0.000000, 25.659824
06/29/16_11:26:52, 0.000000, 0.000000, 25.659824
06/29/16_11:26:53, 0.000000, 0.000000, 25.659824
06/29/16_11:26:55, 0.000000, 0.000000, 23.704792
06/29/16_11:26:56, 0.000000, 0.000000, 25.659824
06/29/16_11:26:58, 0.000000, 0.000000, 25.659824
06/29/16_11:26:59, 0.000000, 0.000000, 25.659824
06/29/16_11:27:01, 0.000000, 0.000000, 26.637340
06/29/16_11:27:02, 0.000000, 0.000000, 24.682308
06/29/16_11:27:04, 0.000000, 0.000000, 25.659824
06/29/16_11:27:05, 0.000000, 0.000000, 25.659824
06/29/16_11:27:07, 0.000000, 0.000000, 25.659824
06/29/16_11:27:08, 0.000000, 0.000000, 24.682308
06/29/16_11:27:10, 0.000000, 0.000000, 23.704792
06/29/16_11:27:11, 0.000000, 0.000000, 25.659824
06/29/16_11:27:13, 0.000000, 0.000000, 25.659824
06/29/16_11:27:15, 0.000000, 0.000000, 24.682308
06/29/16_11:27:16, 0.000000, 0.000000, 23.704792
06/29/16_11:27:18, 0.000000, 0.000000, 25.659824
06/29/16_11:27:19, 0.000000, 0.000000, 25.659824
06/29/16_11:27:21, 0.000000, 0.000000, 25.659824
06/29/16_11:27:22, 0.000000, 0.000000, 24.682308
06/29/16_11:27:24, 0.000000, 0.000000, 25.659824
06/29/16_11:27:25, 0.000000, 0.000000, 25.659824
06/29/16_11:27:27, 0.000000, 0.000000, 25.659824
06/29/16_11:27:28, 0.000000, 0.000000, 25.659824
06/29/16_11:27:30, 0.000000, 0.000000, 25.659824
06/29/16_11:27:31, 0.000000, 0.000000, 25.659824
06/29/16_11:27:33, 0.000000, 0.000000, 25.659824
06/29/16_11:27:34, 0.000000, 0.000000, 24.682308
06/29/16_11:27:36, 0.000000, 0.000000, 24.682308
06/29/16_11:27:37, 0.000000, 0.000000, 24.682308
06/29/16_11:27:39, 0.000000, 0.000000, 25.659824
06/29/16_11:27:40, 0.000188, 0.000000, 24.682308
06/29/16_11:27:42, 0.000000, 0.000000, 25.659824
06/29/16_11:27:43, 0.000000, 0.000000, 25.659824
06/29/16_11:27:45, 0.000000, 0.000000, 24.682308
06/29/16_11:27:46, 0.000000, 0.000000, 24.682308
06/29/16_11:27:48, 0.000000, 0.000000, 25.659824
06/29/16_11:27:49, 0.000000, 0.000000, 25.659824
06/29/16_11:27:51, 0.000000, 0.000000, 24.682308
06/29/16_11:27:52, 0.000000, 0.000000, 25.659824
06/29/16_11:27:54, 0.000000, 0.000000, 25.659824
06/29/16_11:27:55, 0.000000, 0.000000, 25.659824
06/29/16_11:27:57, 0.000000, 0.000000, 25.659824
06/29/16_11:27:58, 0.000000, 0.000000, 25.659824
06/29/16_11:28:00, 0.000000, 0.000000, 25.659824
06/29/16_11:28:01, 0.000000, 0.000000, 25.659824
06/29/16_11:28:03, 0.000000, 0.000000, 25.659824
06/29/16_11:28:04, 0.000000, 0.000000, 24.682308
06/29/16_11:28:06, 0.000000, 0.000000, 25.659824
06/29/16_11:28:07, 0.000000, 0.000000, 25.659824
06/29/16_11:28:09, 0.000000, 0.000000, 25.659824
06/29/16_11:28:10, 0.000000, 0.000000, 25.659824
06/29/16_11:28:12, 0.000000, 0.000000, 25.659824
06/29/16_11:28:13, 0.000000, 0.000000, 24.682308
06/29/16_11:28:15, 0.000000, 0.000000, 24.682308
06/29/16_11:28:16, 0.000000, 0.000000, 25.659824
06/29/16_11:28:18, 0.000000, 0.000000, 25.659824
06/29/16_11:28:19, 0.000000, 0.000000, 25.659824
06/29/16_11:28:21, 0.000000, 0.000000, 25.659824
06/29/16_11:28:22, 0.000000, 0.000000, 25.659824
06/29/16_11:28:24, 0.000000, 0.000000, 24.682308
06/29/16_11:28:26, 0.000000, 0.000000, 24.682308
06/29/16_11:28:27, 0.000000, 0.000000, 25.659824
06/29/16_11:28:29, 0.000000, 0.000000, 25.659824
06/29/16_11:28:30, 0.000000, 0.000000, 25.659824
06/29/16_11:28:32, 0.000000, 0.000000, 25.659824
06/29/16_11:28:33, 0.000000, 0.000000, 25.659824
06/29/16_11:28:35, 0.000000, 0.000000, 25.659824
06/29/16_11:28:36, 0.000000, 0.000000, 25.659824
06/29/16_11:28:38, 0.000000, 0.000000, 25.659824
06/29/16_11:28:39, 0.000000, 0.000000, 25.659824
06/29/16_11:28:41, 0.000000, 0.000000, 25.659824
06/29/16_11:28:42, 0.000000, 0.000000, 25.659824
06/29/16_11:28:44, 0.000000, 0.000000, 24.682308
06/29/16_11:28:45, 0.000000, 0.000000, 25.659824
06/29/16_11:28:47, 0.000000, 0.000000, 25.659824
06/29/16_11:28:48, 0.000000, 0.000000, 25.659824
06/29/16_11:28:50, 0.000000, 0.000000, 25.659824
06/29/16_11:28:51, 0.000000, 0.000000, 25.659824
06/29/16_11:28:53, 0.000000, 0.000000, 25.659824
06/29/16_11:28:54, 0.000000, 0.000000, 25.659824
06/29/16_11:28:56, 0.000000, 0.000000, 25.659824
06/29/16_11:28:57, 0.000000, 0.000000, 23.704792
06/29/16_11:28:59, 0.000000, 0.000000, 25.659824
06/29/16_11:29:00, 0.000000, 0.000000, 24.682308
06/29/16_11:29:02, 0.000000, 0.000000, 24.682308
06/29/16_11:29:03, 0.000000, 0.000000, 23.704792
06/29/16_11:29:05, 0.000000, 0.000000, 25.659824
06/29/16_11:29:06, 0.000000, 0.000000, 24.682308
06/29/16_11:29:08, 0.000000, 0.000000, 24.682308
06/29/16_11:29:10, 0.000000, 0.000000, 24.682308
06/29/16_11:29:11, 0.000000, 0.000000, 25.659824
06/29/16_11:29:13, 0.000000, 0.000000, 25.659824
06/29/16_11:29:14, 0.000000, 0.000000, 25.659824
06/29/16_11:29:16, 0.000000, 0.000000, 24.682308
06/29/16_11:29:17, 0.000000, 0.000000, 25.659824
06/29/16_11:29:18, 0.000000, 0.000000, 27.614856
06/29/16_11:29:20, 0.000000, 0.000000, 25.659824
06/29/16_11:29:21, 0.000000, 0.000000, 26.637340
06/29/16_11:29:23, 0.000000, 0.000000, 25.659824
06/29/16_11:29:25, 0.000000, 0.000000, 25.659824
06/29/16_11:29:26, 0.000000, 0.000000, 25.659824
06/29/16_11:29:28, 0.000000, 0.000000, 25.659824
06/29/16_11:29:29, 0.000000, 0.000000, 25.659824
06/29/16_11:29:30, 0.000000, 0.000000, 25.659824
06/29/16_11:29:32, 0.000000, 0.000000, 25.659824
06/29/16_11:29:34, 0.000000, 0.000000, 24.682308
06/29/16_11:29:35, 0.000000, 0.000000, 25.659824
06/29/16_11:29:37, 0.000000, 0.000000, 24.682308
06/29/16_11:29:38, 0.000000, 0.000188, 25.659824
06/29/16_11:29:40, 0.000000, 0.000000, 25.659824
06/29/16_11:29:41, 0.000000, 0.000000, 25.659824
06/29/16_11:29:43, 0.000000, 0.000000, 24.682308
06/29/16_11:29:44, 0.000000, 0.000000, 24.682308
06/29/16_11:29:46, 0.000000, 0.000000, 24.682308
06/29/16_11:29:47, 0.000000, 0.000000, 24.682308
06/29/16_11:29:49, 0.000000, 0.000000, 25.659824
06/29/16_11:29:50, 0.000188, 0.000000, 24.682308
06/29/16_11:29:52, 0.000000, 0.000000, 26.637340
06/29/16_11:29:53, 0.000000, 0.000000, 24.682308
06/29/16_11:29:55, 0.000000, 0.000000, 25.659824
06/29/16_11:29:56, 0.000000, 0.000000, 25.659824
06/29/16_11:29:58, 0.000000, 0.000000, 25.659824
06/29/16_11:29:59, 0.000000, 0.000000, 25.659824
06/29/16_11:30:01, 0.000000, 0.000000, 24.682308
06/29/16_11:30:02, 0.000000, 0.000000, 25.659824
06/29/16_11:30:04, 0.000000, 0.000000, 24.682308
06/29/16_11:30:05, 0.000000, 0.000000, 25.659824
06/29/16_11:30:07, 0.000188, 0.000000, 25.659824
06/29/16_11:30:08, 0.000000, 0.000000, 24.682308
06/29/16_11:30:10, 0.000000, 0.000000, 23.704792
06/29/16_11:30:11, 0.000000, 0.000000, 24.682308
06/29/16_11:30:13, 0.000000, 0.000000, 25.659824
06/29/16_11:30:14, 0.000000, 0.000000, 24.682308
06/29/16_11:30:16, 0.000000, 0.000000, 24.682308
06/29/16_11:30:17, 0.000000, 0.000000, 24.682308
06/29/16_11:30:19, 0.000000, 0.000000, 29.569889
06/29/16_11:30:20, 0.000000, 0.000000, 24.682308
06/29/16_11:30:22, 0.000188, 0.000000, 24.682308
06/29/16_11:30:23, 0.000000, 0.000000, 24.682308
06/29/16_11:30:25, 0.000000, 0.000000, 24.682308
06/29/16_11:30:27, 0.000000, 0.000000, 24.682308
06/29/16_11:30:28, 0.000000, 0.000000, 25.659824
06/29/16_11:30:30, 0.000000, 0.000000, 24.682308
06/29/16_11:30:31, 0.000000, 0.000000, 23.704792
06/29/16_11:30:33, 0.000000, 0.000000, 24.682308
06/29/16_11:30:34, 0.000000, 0.000000, 24.682308
06/29/16_11:30:36, 0.000188, 0.000000, 25.659824
06/29/16_11:30:37, 0.000000, 0.000188, 25.659824
06/29/16_11:30:39, 0.000000, 0.000000, 26.637340
06/29/16_11:30:40, 0.000000, 0.000000, 24.682308
06/29/16_11:30:41, 0.000000, 0.000000, 25.659824
06/29/16_11:30:43, 0.000000, 0.000000, 25.659824
06/29/16_11:30:45, 0.000000, 0.000000, 24.682308
06/29/16_11:30:46, 0.000000, 0.000000, 25.659824
06/29/16_11:30:48, 0.000000, 0.000000, 24.682308
06/29/16_11:30:49, 0.000000, 0.000000, 23.704792
06/29/16_11:30:51, 0.000000, 0.000000, 25.659824
06/29/16_11:30:52, 0.000000, 0.000000, 25.659824
06/29/16_11:30:54, 0.000000, 0.000000, 26.637340
06/29/16_11:30:55, 0.000000, 0.000000, 25.659824
06/29/16_11:30:57, 0.000000, 0.000000, 25.659824
06/29/16_11:30:58, 0.000000, 0.000000, 25.659824
06/29/16_11:31:00, 0.000000, 0.000000, 25.659824
06/29/16_11:31:01, 0.000000, 0.000000, 23.704792
06/29/16_11:31:03, 0.000000, 0.000000, 25.659824
06/29/16_11:31:05, 0.000000, 0.000000, 25.659824
06/29/16_11:31:06, 0.000000, 0.000000, 26.637340
06/29/16_11:31:08, 0.000000, 0.000000, 25.659824
06/29/16_11:31:09, 0.000000, 0.000000, 25.659824
06/29/16_11:31:11, 0.000000, 0.000000, 25.659824
06/29/16_11:31:12, 0.000000, 0.000000, 25.659824
06/29/16_11:31:14, 0.000000, 0.000000, 25.659824
06/29/16_11:31:15, 0.000000, 0.000000, 25.659824
06/29/16_11:31:17, 0.000000, 0.000000, 25.659824
06/29/16_11:31:18, 0.000000, 0.000000, 25.659824
06/29/16_11:31:20, 0.000000, 0.000000, 25.659824
06/29/16_11:31:21, 0.000000, 0.000000, 24.682308
06/29/16_11:31:23, 0.000000, 0.000000, 25.659824
06/29/16_11:31:24, 0.000000, 0.000000, 24.682308
06/29/16_11:31:26, 0.000000, 0.000000, 25.659824
06/29/16_11:31:28, 0.000000, 0.000000, 25.659824
06/29/16_11:31:29, 0.000000, 0.000000, 26.637340
06/29/16_11:31:31, 0.000000, 0.000000, 25.659824
06/29/16_11:31:32, 0.000000, 0.000000, 25.659824
06/29/16_11:31:34, 0.000000, 0.000000, 26.637340
06/29/16_11:31:35, 0.000000, 0.000000, 25.659824
06/29/16_11:31:37, 0.000000, 0.000000, 25.659824
06/29/16_11:31:38, 0.000000, 0.000000, 25.659824
06/29/16_11:31:40, 0.000000, 0.000000, 26.637340
06/29/16_11:31:41, 0.000000, 0.000000, 26.637340
06/29/16_11:31:43, 0.000000, 0.000188, 26.637340
06/29/16_11:31:44, 0.000000, 0.000000, 26.637340
06/29/16_11:31:46, 0.000000, 0.000000, 26.637340
06/29/16_11:31:47, 0.000000, 0.000000, 26.637340
06/29/16_11:31:49, 0.000000, 0.000000, 25.659824
06/29/16_11:31:50, 0.000000, 0.000000, 26.637340
06/29/16_11:31:52, 0.000000, 0.000000, 26.637340
06/29/16_11:31:53, 0.000000, 0.000000, 26.637340
06/29/16_11:31:55, 0.000000, 0.000000, 26.637340
06/29/16_11:31:57, 0.000000, 0.000000, 26.637340
06/29/16_11:31:58, 0.000000, 0.000000, 26.637340
06/29/16_11:32:00, 0.000000, 0.000000, 25.659824
06/29/16_11:32:01, 0.000000, 0.000000, 25.659824
06/29/16_11:32:02, 0.000000, 0.000000, 25.659824
06/29/16_11:32:04, 0.000188, 0.000000, 26.637340
06/29/16_11:32:05, 0.000000, 0.000000, 25.659824
06/29/16_11:32:07, 0.000000, 0.000000, 26.637340
06/29/16_11:32:08, 0.000000, 0.000000, 26.637340
06/29/16_11:32:10, 0.000000, 0.000188, 25.659824
06/29/16_11:32:11, 0.000000, 0.000000, 26.637340
06/29/16_11:32:13, 0.000000, 0.000000, 26.637340
06/29/16_11:32:14, 0.000000, 0.000000, 26.637340
06/29/16_11:32:16, 0.000000, 0.000000, 26.637340
06/29/16_11:32:17, 0.000000, 0.000000, 26.637340
06/29/16_11:32:19, 0.000000, 0.000000, 25.659824
06/29/16_11:32:20, 0.000000, 0.000000, 26.637340
06/29/16_11:32:22, 0.000000, 0.000000, 26.637340
06/29/16_11:32:23, 0.000000, 0.000000, 25.659824
06/29/16_11:32:25, 0.000000, 0.000000, 26.637340
06/29/16_11:32:26, 0.000000, 0.000000, 25.659824
06/29/16_11:32:28, 0.000000, 0.000000, 25.659824
06/29/16_11:32:29, 0.000000, 0.000188, 26.637340
06/29/16_11:32:31, 0.000000, 0.000000, 26.637340
06/29/16_11:32:32, 0.000000, 0.000000, 26.637340
06/29/16_11:32:34, 0.000000, 0.000000, 26.637340
06/29/16_11:32:35, 0.000000, 0.000000, 26.637340
06/29/16_11:32:37, 0.000000, 0.000000, 25.659824
06/29/16_11:32:38, 0.000000, 0.000000, 26.637340
06/29/16_11:32:40, 0.000000, 0.000000, 25.659824
06/29/16_11:32:41, 0.000000, 0.000000, 25.659824
06/29/16_11:32:43, 0.000000, 0.000000, 25.659824
06/29/16_11:32:44, 0.000000, 0.000000, 25.659824
06/29/16_11:32:46, 0.000000, 0.000000, 25.659824
06/29/16_11:32:47, 0.000000, 0.000000, 25.659824
06/29/16_11:32:49, 0.000000, 0.000000, 25.659824
06/29/16_11:32:50, 0.000000, 0.000000, 26.637340
06/29/16_11:32:52, 0.000000, 0.000000, 26.637340
06/29/16_11:32:53, 0.000000, 0.000000, 25.659824
06/29/16_11:32:55, 0.000000, 0.000000, 27.614856
06/29/16_11:32:56, 0.000000, 0.000000, 26.637340
06/29/16_11:32:58, 0.000000, 0.000000, 26.637340
06/29/16_11:32:59, 0.000188, 0.000000, 25.659824
06/29/16_11:33:01, 0.000000, 0.000000, 26.637340
06/29/16_11:33:02, 0.000000, 0.000000, 26.637340
06/29/16_11:33:04, 0.000000, 0.000000, 26.637340
06/29/16_11:33:05, 0.000000, 0.000000, 26.637340
06/29/16_11:33:07, 0.000000, 0.000000, 25.659824
06/29/16_11:33:08, 0.000000, 0.000000, 25.659824
06/29/16_11:33:10, 0.000000, 0.000000, 25.659824
06/29/16_11:33:11, 0.000000, 0.000000, 25.659824
06/29/16_11:33:13, 0.000000, 0.000000, 25.659824
06/29/16_11:33:14, 0.000000, 0.000000, 25.659824
06/29/16_11:33:16, 0.000000, 0.000000, 26.637340
06/29/16_11:33:17, 0.000000, 0.000000, 24.682308
06/29/16_11:33:19, 0.000188, 0.000188, 26.637340
06/29/16_11:33:20, 0.000000, 0.000000, 25.659824
06/29/16_11:33:22, 0.000000, 0.000000, 25.659824
06/29/16_11:33:23, 0.000000, 0.000000, 25.659824
06/29/16_11:33:25, 0.000000, 0.000000, 25.659824
06/29/16_11:33:26, 0.000000, 0.000000, 25.659824
06/29/16_11:33:28, 0.000000, 0.000000, 25.659824
06/29/16_11:33:30, 0.000000, 0.000000, 25.659824
06/29/16_11:33:31, 0.000188, 0.000000, 26.637340
06/29/16_11:33:33, 0.000000, 0.000000, 25.659824
06/29/16_11:33:34, 0.000000, 0.000000, 25.659824
06/29/16_11:33:36, 0.000000, 0.000000, 25.659824
06/29/16_11:33:37, 0.000000, 0.000000, 25.659824
06/29/16_11:33:39, 0.000000, 0.000000, 26.637340
06/29/16_11:33:40, 0.000000, 0.000000, 25.659824
06/29/16_11:33:42, 0.000188, 0.000000, 26.637340
06/29/16_11:33:43, 0.000000, 0.000000, 26.637340
06/29/16_11:33:45, 0.000000, 0.000000, 26.637340
06/29/16_11:33:47, 0.000188, 0.000000, 26.637340
06/29/16_11:33:48, 0.000000, 0.000000, 25.659824
06/29/16_11:33:50, 0.000000, 0.000000, 23.704792
06/29/16_11:33:51, 0.000000, 0.000000, 25.659824
06/29/16_11:33:53, 0.000000, 0.000000, 25.659824
06/29/16_11:33:54, 0.000000, 0.000000, 25.659824
06/29/16_11:33:56, 0.000000, 0.000000, 25.659824
06/29/16_11:33:57, 0.000000, 0.000000, 24.682308
06/29/16_11:33:59, 0.000000, 0.000000, 25.659824
06/29/16_11:34:00, 0.000000, 0.000000, 25.659824
06/29/16_11:34:02, 0.000000, 0.000000, 25.659824
06/29/16_11:34:03, 0.000000, 0.000000, 25.659824
06/29/16_11:34:05, 0.000000, 0.000000, 23.704792
06/29/16_11:34:06, 0.000000, 0.000000, 25.659824
06/29/16_11:34:08, 0.000000, 0.000000, 25.659824
06/29/16_11:34:09, 0.000000, 0.000000, 29.569889
06/29/16_11:34:11, 0.000000, 0.000000, 24.682308
06/29/16_11:34:12, 0.000000, 0.000000, 25.659824
06/29/16_11:34:14, 0.000000, 0.000000, 25.659824
06/29/16_11:34:15, 0.000000, 0.000000, 25.659824
06/29/16_11:34:17, 0.000000, 0.000000, 23.704792
06/29/16_11:34:18, 0.000000, 0.000000, 24.682308
06/29/16_11:34:20, 0.000000, 0.000000, 26.637340
06/29/16_11:34:21, 0.000000, 0.000000, 25.659824
06/29/16_11:34:23, 0.000000, 0.000000, 25.659824
06/29/16_11:34:24, 0.000000, 0.000000, 25.659824
06/29/16_11:34:26, 0.000000, 0.000000, 25.659824
06/29/16_11:34:27, 0.000000, 0.000188, 25.659824
06/29/16_11:34:29, 0.000000, 0.000000, 24.682308
06/29/16_11:34:30, 0.000000, 0.000000, 25.659824
06/29/16_11:34:32, 0.000000, 0.000000, 25.659824
06/29/16_11:34:33, 0.000000, 0.000000, 25.659824
06/29/16_11:34:35, 0.000000, 0.000000, 24.682308
06/29/16_11:34:36, 0.000000, 0.000000, 24.682308
06/29/16_11:34:38, 0.000000, 0.000000, 25.659824
06/29/16_11:34:39, 0.000000, 0.000000, 25.659824
06/29/16_11:34:41, 0.000000, 0.000000, 25.659824
06/29/16_11:34:42, 0.000000, 0.000000, 25.659824
06/29/16_11:34:44, 0.000000, 0.000000, 26.637340
06/29/16_11:34:45, 0.000000, 0.000000, 25.659824
06/29/16_11:34:47, 0.000000, 0.000000, 26.637340
06/29/16_11:34:48, 0.000000, 0.000000, 26.637340
06/29/16_11:34:50, 0.000000, 0.000188, 26.637340
06/29/16_11:34:51, 0.000000, 0.000000, 26.637340
06/29/16_11:34:53, 0.000000, 0.000000, 26.637340
06/29/16_11:34:54, 0.000000, 0.000000, 25.659824
06/29/16_11:34:56, 0.000000, 0.000000, 25.659824
06/29/16_11:34:57, 0.000000, 0.000000, 25.659824
06/29/16_11:34:59, 0.000000, 0.000000, 25.659824
06/29/16_11:35:00, 0.000000, 0.000000, 25.659824
06/29/16_11:35:02, 0.000000, 0.000000, 25.659824
06/29/16_11:35:03, 0.000000, 0.000000, 25.659824
06/29/16_11:35:05, 0.000000, 0.000000, 24.682308
06/29/16_11:35:06, 0.000000, 0.000000, 25.659824
06/29/16_11:35:08, 0.000000, 0.000000, 25.659824
06/29/16_11:35:09, 0.000000, 0.000000, 25.659824
06/29/16_11:35:11, 0.000188, 0.000000, 25.659824
06/29/16_11:35:12, 0.000000, 0.000000, 25.659824
06/29/16_11:35:14, 0.000000, 0.000000, 25.659824
06/29/16_11:35:15, 0.000000, 0.000000, 25.659824
06/29/16_11:35:17, 0.000000, 0.000000, 24.682308
06/29/16_11:35:18, 0.000000, 0.000000, 25.659824
06/29/16_11:35:20, 0.000000, 0.000000, 25.659824
06/29/16_11:35:21, 0.000000, 0.000000, 26.637340
06/29/16_11:35:23, 0.000000, 0.000000, 25.659824
06/29/16_11:35:24, 0.000000, 0.000000, 25.659824
06/29/16_11:35:26, 0.000000, 0.000000, 24.682308
06/29/16_11:35:27, 0.000000, 0.000000, 25.659824
06/29/16_11:35:29, 0.000000, 0.000000, 25.659824
06/29/16_11:35:31, 0.000188, 0.000000, 24.682308
06/29/16_11:35:32, 0.000000, 0.000000, 25.659824
06/29/16_11:35:34, 0.000000, 0.000000, 25.659824
06/29/16_11:35:35, 0.000000, 0.000000, 25.659824
06/29/16_11:35:37, 0.000000, 0.000000, 25.659824
06/29/16_11:35:38, 0.000000, 0.000000, 23.704792
06/29/16_11:35:40, 0.000000, 0.000000, 27.614856
06/29/16_11:35:41, 0.000000, 0.000000, 26.637340
06/29/16_11:35:43, 0.000000, 0.000000, 27.614856
06/29/16_11:35:44, 0.000000, 0.000000, 26.637340
06/29/16_11:35:46, 0.000000, 0.000000, 26.637340
06/29/16_11:35:47, 0.000000, 0.000000, 24.682308
06/29/16_11:35:49, 0.000000, 0.000000, 26.637340
06/29/16_11:35:50, 0.000000, 0.000000, 26.637340
06/29/16_11:35:52, 0.000000, 0.000000, 24.682308
06/29/16_11:35:53, 0.000000, 0.000000, 26.637340
06/29/16_11:35:55, 0.000000, 0.000000, 26.637340
06/29/16_11:35:56, 0.000000, 0.000000, 26.637340
06/29/16_11:35:58, 0.000000, 0.000000, 26.637340
06/29/16_11:36:00, 0.000000, 0.000000, 30.547405
06/29/16_11:36:01, 0.000000, 0.000000, 25.659824
06/29/16_11:36:03, 0.000000, 0.000000, 25.659824
06/29/16_11:36:04, 0.000000, 0.000000, 25.659824
06/29/16_11:36:06, 0.000000, 0.000000, 25.659824
06/29/16_11:36:07, 0.000000, 0.000000, 25.659824
06/29/16_11:36:09, 0.000000, 0.000000, 25.659824
06/29/16_11:36:10, 0.000000, 0.000000, 25.659824
06/29/16_11:36:12, 0.000000, 0.000000, 25.659824
06/29/16_11:36:13, 0.000000, 0.000000, 23.704792
06/29/16_11:36:15, 0.000000, 0.000000, 40.322589
06/29/16_11:36:16, 0.000000, 0.000000, 28.592372
06/29/16_11:36:18, 0.000000, 0.000000, 25.659824
06/29/16_11:36:19, 0.000000, 0.000000, 25.659824
06/29/16_11:36:21, 0.000000, 0.000000, 25.659824
06/29/16_11:36:22, 0.000000, 0.000000, 25.659824
06/29/16_11:36:24, 0.000000, 0.000000, 25.659824
06/29/16_11:36:25, 0.000000, 0.000000, 26.637340
06/29/16_11:36:27, 0.000000, 0.000000, 25.659824
06/29/16_11:36:28, 0.000000, 0.000000, 25.659824
06/29/16_11:36:30, 0.000000, 0.000000, 25.659824
06/29/16_11:36:32, 0.000000, 0.000000, 25.659824
06/29/16_11:36:33, 0.000000, 0.000000, 25.659824
06/29/16_11:36:35, 0.000000, 0.000000, 24.682308
06/29/16_11:36:36, 0.000000, 0.000000, 25.659824
06/29/16_11:36:37, 0.000000, 0.000000, 24.682308
06/29/16_11:36:39, 0.000000, 0.000188, 25.659824
06/29/16_11:36:41, 0.000000, 0.000000, 25.659824
06/29/16_11:36:42, 0.000000, 0.000000, 26.637340
06/29/16_11:36:43, 0.000000, 0.000000, 25.659824
06/29/16_11:36:45, 0.000000, 0.000000, 25.659824
06/29/16_11:36:47, 0.000000, 0.000000, 25.659824
06/29/16_11:36:48, 0.000000, 0.000000, 26.637340
06/29/16_11:36:49, 0.000000, 0.000000, 26.637340
06/29/16_11:36:51, 0.000000, 0.000000, 26.637340
06/29/16_11:36:53, 0.000188, 0.000000, 26.637340
06/29/16_11:36:54, 0.000000, 0.000000, 26.637340
06/29/16_11:36:56, 0.000000, 0.000000, 26.637340
06/29/16_11:36:57, 0.000000, 0.000000, 26.637340
06/29/16_11:36:59, 0.000000, 0.000000, 25.659824
06/29/16_11:37:00, 0.000000, 0.000000, 26.637340
06/29/16_11:37:02, 0.000000, 0.000000, 26.637340
06/29/16_11:37:03, 0.000000, 0.000000, 26.637340
06/29/16_11:37:05, 0.000000, 0.000000, 25.659824
06/29/16_11:37:06, 0.000000, 0.000000, 26.637340
06/29/16_11:37:08, 0.000000, 0.000000, 26.637340
06/29/16_11:37:09, 0.000000, 0.000000, 26.637340
06/29/16_11:37:11, 0.000000, 0.000000, 26.637340
06/29/16_11:37:12, 0.000000, 0.000000, 25.659824
06/29/16_11:37:14, 0.000000, 0.000000, 26.637340
06/29/16_11:37:15, 0.000000, 0.000000, 26.637340
06/29/16_11:37:17, 0.000000, 0.000000, 25.659824
06/29/16_11:37:18, 0.000000, 0.000000, 25.659824
06/29/16_11:37:20, 0.000000, 0.000000, 25.659824
06/29/16_11:37:22, 0.000000, 0.000000, 25.659824
06/29/16_11:37:23, 0.000000, 0.000000, 25.659824
06/29/16_11:37:25, 0.000000, 0.000000, 25.659824
06/29/16_11:37:26, 0.000000, 0.000000, 26.637340
06/29/16_11:37:27, 0.000000, 0.000000, 26.637340
06/29/16_11:37:29, 0.000000, 0.000000, 25.659824
06/29/16_11:37:30, 0.000000, 0.000000, 25.659824
06/29/16_11:37:32, 0.000000, 0.000000, 25.659824
06/29/16_11:37:33, 0.000000, 0.000000, 25.659824
06/29/16_11:37:35, 0.000000, 0.000000, 25.659824
06/29/16_11:37:36, 0.000000, 0.000000, 26.637340
06/29/16_11:37:38, 0.000000, 0.000000, 25.659824
06/29/16_11:37:40, 0.000000, 0.000000, 25.659824
06/29/16_11:37:41, 0.000188, 0.000000, 26.637340
06/29/16_11:37:43, 0.000000, 0.000000, 24.682308
06/29/16_11:37:44, 0.000188, 0.000000, 25.659824
06/29/16_11:37:46, 0.000000, 0.000000, 25.659824
06/29/16_11:37:47, 0.000000, 0.000000, 25.659824
06/29/16_11:37:49, 0.000000, 0.000000, 25.659824
06/29/16_11:37:50, 0.000000, 0.000000, 26.637340
06/29/16_11:37:52, 0.000000, 0.000000, 24.682308
06/29/16_11:37:54, 0.000000, 0.000000, 26.637340
06/29/16_11:37:55, 0.000000, 0.000000, 26.637340
06/29/16_11:37:57, 0.000000, 0.000000, 25.659824
06/29/16_11:37:58, 0.000000, 0.000000, 26.637340
06/29/16_11:38:00, 0.000000, 0.000000, 25.659824
06/29/16_11:38:01, 0.000000, 0.000000, 26.637340
06/29/16_11:38:02, 0.000000, 0.000000, 25.659824
06/29/16_11:38:04, 0.000000, 0.000000, 25.659824
06/29/16_11:38:06, 0.000000, 0.000000, 25.659824
06/29/16_11:38:07, 0.000000, 0.000000, 25.659824
06/29/16_11:38:08, 0.000000, 0.000000, 26.637340
06/29/16_11:38:10, 0.000000, 0.000000, 25.659824
06/29/16_11:38:11, 0.000000, 0.000000, 25.659824
06/29/16_11:38:13, 0.000000, 0.000000, 25.659824
06/29/16_11:38:15, 0.000000, 0.000000, 23.704792
06/29/16_11:38:16, 0.000000, 0.000000, 25.659824
06/29/16_11:38:17, 0.000000, 0.000000, 25.659824
06/29/16_11:38:19, 0.000000, 0.000000, 26.637340
06/29/16_11:38:20, 0.000000, 0.000188, 25.659824
06/29/16_11:38:22, 0.000000, 0.000000, 25.659824
06/29/16_11:38:23, 0.000000, 0.000000, 25.659824
06/29/16_11:38:25, 0.000000, 0.000000, 25.659824
06/29/16_11:38:27, 0.000000, 0.000000, 25.659824
06/29/16_11:38:28, 0.000000, 0.000000, 25.659824
06/29/16_11:38:30, 0.000000, 0.000000, 27.614856
06/29/16_11:38:31, 0.000000, 0.000000, 27.614856
06/29/16_11:38:33, 0.000000, 0.000000, 25.659824
06/29/16_11:38:34, 0.000000, 0.000000, 26.637340
06/29/16_11:38:36, 0.000000, 0.000000, 25.659824
06/29/16_11:38:38, 0.000000, 0.000000, 27.614856
06/29/16_11:38:39, 0.000000, 0.000000, 25.659824
06/29/16_11:38:40, 0.000000, 0.000000, 25.659824
06/29/16_11:38:42, 0.000000, 0.000000, 24.682308
06/29/16_11:38:44, 0.000000, 0.000000, 25.659824
06/29/16_11:38:45, 0.000000, 0.000000, 25.659824
06/29/16_11:38:47, 0.000000, 0.000000, 25.659824
06/29/16_11:38:48, 0.000000, 0.000000, 25.659824
06/29/16_11:38:50, 0.000000, 0.000000, 25.659824
06/29/16_11:38:51, 0.000188, 0.000000, 25.659824
06/29/16_11:38:53, 0.000000, 0.000000, 26.637340
06/29/16_11:38:55, 0.000000, 0.000000, 26.637340
06/29/16_11:38:56, 0.000000, 0.000000, 25.659824
06/29/16_11:38:57, 0.000000, 0.000188, 26.637340
06/29/16_11:38:59, 0.000000, 0.000000, 26.637340
06/29/16_11:39:00, 0.000000, 0.000000, 26.637340
06/29/16_11:39:02, 0.000000, 0.000000, 25.659824
06/29/16_11:39:04, 0.000000, 0.000000, 25.659824
06/29/16_11:39:05, 0.000000, 0.000000, 26.637340
06/29/16_11:39:07, 0.000000, 0.000000, 26.637340
06/29/16_11:39:08, 0.000000, 0.000000, 26.637340
06/29/16_11:39:10, 0.000000, 0.000000, 24.682308
06/29/16_11:39:11, 0.000000, 0.000000, 26.637340
06/29/16_11:39:13, 0.000000, 0.000000, 26.637340
06/29/16_11:39:14, 0.000000, 0.000000, 24.682308
06/29/16_11:39:16, 0.000188, 0.000000, 25.659824
06/29/16_11:39:17, 0.000000, 0.000000, 25.659824
06/29/16_11:39:19, 0.000000, 0.000000, 27.614856
06/29/16_11:39:20, 0.000000, 0.000000, 25.659824
06/29/16_11:39:22, 0.000000, 0.000000, 25.659824
06/29/16_11:39:23, 0.000000, 0.000000, 24.682308
06/29/16_11:39:25, 0.000000, 0.000000, 25.659824
06/29/16_11:39:26, 0.000000, 0.000188, 25.659824
06/29/16_11:39:28, 0.000000, 0.000000, 26.637340
06/29/16_11:39:30, 0.000000, 0.000000, 26.637340
06/29/16_11:39:31, 0.000000, 0.000000, 26.637340
06/29/16_11:39:32, 0.000000, 0.000000, 25.659824
06/29/16_11:39:34, 0.000000, 0.000000, 25.659824
06/29/16_11:39:36, 0.000000, 0.000000, 29.569889
06/29/16_11:39:37, 0.000000, 0.000000, 26.637340
06/29/16_11:39:39, 0.000000, 0.000000, 26.637340
06/29/16_11:39:40, 0.000000, 0.000000, 26.637340
06/29/16_11:39:42, 0.000000, 0.000000, 25.659824
06/29/16_11:39:43, 0.000000, 0.000000, 25.659824
06/29/16_11:39:45, 0.000000, 0.000000, 26.637340
06/29/16_11:39:46, 0.000000, 0.000000, 25.659824
06/29/16_11:39:48, 0.000000, 0.000000, 25.659824
06/29/16_11:39:49, 0.000000, 0.000000, 26.637340
06/29/16_11:39:51, 0.000000, 0.000000, 25.659824
06/29/16_11:39:52, 0.000000, 0.000000, 26.637340
06/29/16_11:39:54, 0.000000, 0.000000, 25.659824
06/29/16_11:39:56, 0.000000, 0.000000, 25.659824
06/29/16_11:39:57, 0.000000, 0.000000, 25.659824
06/29/16_11:39:58, 0.000000, 0.000000, 25.659824
06/29/16_11:40:00, 0.000000, 0.000000, 25.659824
06/29/16_11:40:02, 0.000000, 0.000000, 26.637340
06/29/16_11:40:03, 0.000188, 0.000000, 27.614856
06/29/16_11:40:05, 0.000188, 0.000188, 27.614856
06/29/16_11:40:06, 0.000188, 0.000188, 27.614856
06/29/16_11:40:08, 0.000188, 0.000375, 27.614856
06/29/16_11:40:09, 0.000000, 0.000375, 27.614856
06/29/16_11:40:11, 0.000000, 0.000375, 27.614856
06/29/16_11:40:12, 0.000188, 0.000375, 27.614856
06/29/16_11:40:14, 0.000188, 0.000375, 25.659824
06/29/16_11:40:15, 0.000000, 0.000375, 27.614856
06/29/16_11:40:17, 0.000375, 0.000375, 27.614856
06/29/16_11:40:18, 0.000188, 0.000375, 25.659824
06/29/16_11:40:20, 0.000188, 0.000375, 27.614856
06/29/16_11:40:21, 0.000375, 0.000375, 28.592372
06/29/16_11:40:23, 0.000188, 0.000375, 28.592372
06/29/16_11:40:24, 0.000375, 0.000375, 28.592372
06/29/16_11:40:26, 0.000188, 0.000375, 28.592372
06/29/16_11:40:27, 0.000188, 0.000375, 28.592372
06/29/16_11:40:29, 0.000188, 0.000375, 28.592372
06/29/16_11:40:30, 0.000375, 0.000375, 29.569889
06/29/16_11:40:32, 0.000188, 0.000375, 28.592372
06/29/16_11:40:33, 0.000000, 0.000375, 28.592372
06/29/16_11:40:35, 0.000188, 0.000188, 28.592372
06/29/16_11:40:37, 0.000188, 0.000375, 28.592372
06/29/16_11:40:38, 0.000000, 0.000375, 27.614856
06/29/16_11:40:40, 0.000000, 0.000375, 27.614856
06/29/16_11:40:41, 0.000000, 0.000188, 27.614856
06/29/16_11:40:43, 0.000000, 0.000188, 26.637340
06/29/16_11:40:44, 0.000375, 0.000375, 28.592372
06/29/16_11:40:46, 0.000375, 0.000188, 30.547405
06/29/16_11:40:47, 0.000375, 0.000375, 29.569889
06/29/16_11:40:49, 0.000188, 0.000375, 30.547405
06/29/16_11:40:50, 0.000188, 0.000375, 30.547405
06/29/16_11:40:52, 0.000375, 0.000375, 30.547405
06/29/16_11:40:53, 0.000188, 0.000375, 30.547405
06/29/16_11:40:55, 0.000188, 0.000375, 29.569889
06/29/16_11:40:56, 0.000188, 0.000375, 29.569889
06/29/16_11:40:58, 0.000375, 0.000375, 29.569889
06/29/16_11:41:00, 0.000188, 0.000375, 29.569889
06/29/16_11:41:01, 0.000188, 0.000375, 28.592372
06/29/16_11:41:02, 0.000188, 0.000375, 27.614856
06/29/16_11:41:04, 0.000188, 0.000375, 28.592372
06/29/16_11:41:05, 0.000188, 0.000375, 29.569889
06/29/16_11:41:07, 0.000188, 0.000375, 30.547405
06/29/16_11:41:08, 0.000000, 0.000375, 29.569889
06/29/16_11:41:10, 0.000188, 0.000375, 30.547405
06/29/16_11:41:11, 0.000188, 0.000188, 29.569889
06/29/16_11:41:13, 0.000188, 0.000188, 31.524921
06/29/16_11:41:14, 0.000188, 0.000375, 30.547405
06/29/16_11:41:16, 0.000000, 0.000188, 30.547405
06/29/16_11:41:17, 0.000000, 0.000188, 29.569889
06/29/16_11:41:19, 0.000000, 0.000000, 29.569889
06/29/16_11:41:20, 0.000000, 0.000000, 30.547405
06/29/16_11:41:22, 0.000000, 0.000000, 30.547405
06/29/16_11:41:23, 0.000000, 0.000000, 29.569889
06/29/16_11:41:25, 0.000000, 0.000000, 29.569889
06/29/16_11:41:27, 0.000000, 0.000000, 29.569889
06/29/16_11:41:28, 0.000000, 0.000000, 30.547405
06/29/16_11:41:30, 0.000000, 0.000000, 29.569889
06/29/16_11:41:31, 0.000000, 0.000188, 28.592372
06/29/16_11:41:32, 0.000000, 0.000000, 33.479953
06/29/16_11:41:34, 0.000000, 0.000000, 29.569889
06/29/16_11:41:35, 0.000000, 0.000000, 29.569889
06/29/16_11:41:37, 0.000000, 0.000000, 30.547405
06/29/16_11:41:38, 0.000188, 0.000188, 30.547405
06/29/16_11:41:40, 0.000000, 0.000375, 31.524921
06/29/16_11:41:41, 0.000188, 0.000375, 31.524921
06/29/16_11:41:43, 0.000000, 0.000375, 31.524921
06/29/16_11:41:44, 0.000000, 0.000188, 31.524921
06/29/16_11:41:46, 0.000188, 0.000375, 33.479953
06/29/16_11:41:47, 0.000000, 0.000375, 31.524921
06/29/16_11:41:49, 0.000188, 0.000375, 32.502437
06/29/16_11:41:50, 0.000000, 0.000375, 30.547405
06/29/16_11:41:52, 0.000188, 0.000375, 32.502437
06/29/16_11:41:54, 0.000000, 0.000188, 31.524921
06/29/16_11:41:55, 0.000188, 0.000188, 31.524921
06/29/16_11:41:57, 0.000188, 0.000188, 31.524921
06/29/16_11:41:59, 0.000188, 0.000188, 31.524921
06/29/16_11:42:00, 0.000188, 0.000188, 31.524921
06/29/16_11:42:02, 0.000188, 0.000188, 30.547405
06/29/16_11:42:03, 0.000188, 0.000375, 32.502437
06/29/16_11:42:05, 0.000188, 0.000375, 32.502437
06/29/16_11:42:06, 0.000188, 0.000375, 32.502437
06/29/16_11:42:07, 0.000188, 0.000375, 32.502437
06/29/16_11:42:09, 0.000188, 0.000375, 32.502437
06/29/16_11:42:11, 0.000188, 0.000375, 32.502437
06/29/16_11:42:12, 0.000188, 0.000375, 34.457469
06/29/16_11:42:13, 0.000188, 0.000375, 32.502437
06/29/16_11:42:15, 0.000188, 0.000375, 31.524921
06/29/16_11:42:17, 0.000000, 0.000375, 30.547405
06/29/16_11:42:18, 0.000188, 0.000375, 30.547405
06/29/16_11:42:20, 0.000188, 0.000375, 30.547405
06/29/16_11:42:21, 0.000188, 0.000375, 31.524921
06/29/16_11:42:23, 0.000188, 0.000375, 33.479953
06/29/16_11:42:24, 0.000188, 0.000562, 34.457469
06/29/16_11:42:26, 0.003000, 0.000750, 59.872913
06/29/16_11:42:27, 0.004312, 0.002625, 69.648101
06/29/16_11:42:29, 0.003750, 0.003562, 82.355812
06/29/16_11:42:31, 0.003938, 0.002625, 83.333328
06/29/16_11:42:32, 0.004500, 0.002250, 88.220932
06/29/16_11:42:34, 0.003375, 0.003375, 86.265876
06/29/16_11:42:35, 0.003562, 0.002062, 88.220932
06/29/16_11:42:37, 0.004125, 0.002625, 91.153480
06/29/16_11:42:39, 0.003562, 0.003000, 91.153480
06/29/16_11:42:40, 0.003750, 0.003000, 92.130996
06/29/16_11:42:42, 0.003562, 0.002813, 88.220932
06/29/16_11:42:43, 0.003562, 0.003562, 83.333328
06/29/16_11:42:44, 0.003750, 0.003562, 90.175964
06/29/16_11:42:46, 0.003000, 0.003187, 89.198448
06/29/16_11:42:47, 0.003000, 0.003000, 87.243392
06/29/16_11:42:49, 0.003375, 0.003187, 86.265876
06/29/16_11:42:50, 0.002813, 0.003375, 84.310844
06/29/16_11:42:52, 0.002625, 0.003562, 83.333328
06/29/16_11:42:53, 0.003187, 0.003562, 79.423263
06/29/16_11:42:55, 0.003187, 0.003750, 82.355812
06/29/16_11:42:56, 0.003562, 0.003750, 85.288360
06/29/16_11:42:58, 0.004500, 0.003562, 94.086029
06/29/16_11:42:59, 0.004312, 0.003750, 123.411537
06/29/16_11:43:01, 0.004875, 0.003562, 140.029342
06/29/16_11:43:02, 0.004500, 0.004312, 146.871948
06/29/16_11:43:04, 0.004312, 0.004125, 141.006851
06/29/16_11:43:06, 0.003938, 0.003938, 142.961883
06/29/16_11:43:07, 0.004500, 0.003750, 138.074310
06/29/16_11:43:09, 0.003938, 0.003750, 134.164215
06/29/16_11:43:10, 0.003187, 0.003562, 125.366569
06/29/16_11:43:12, 0.003562, 0.003562, 125.366569
06/29/16_11:43:13, 0.003000, 0.003562, 115.591407
06/29/16_11:43:14, 0.005625, 0.004688, 97.018577
06/29/16_11:43:16, 0.004500, 0.004875, 90.175964
06/29/16_11:43:17, 0.004875, 0.004688, 73.558166
06/29/16_11:43:19, 0.004125, 0.004312, 69.648101
06/29/16_11:43:20, 0.003750, 0.003938, 76.490715
06/29/16_11:43:22, 0.003187, 0.003750, 75.513198
06/29/16_11:43:23, 0.004125, 0.004125, 76.490715
06/29/16_11:43:25, 0.004688, 0.004875, 88.220932
06/29/16_11:43:26, 0.006375, 0.006187, 88.220932
06/29/16_11:43:28, 0.004312, 0.005437, 87.243392
06/29/16_11:43:29, 0.005437, 0.005437, 81.378295
06/29/16_11:43:31, 0.005625, 0.005437, 82.355812
06/29/16_11:43:32, 0.003938, 0.003000, 79.423263
06/29/16_11:43:34, 0.003562, 0.005625, 84.310844
06/29/16_11:43:35, 0.005437, 0.005813, 85.288360
06/29/16_11:43:37, 0.004688, 0.006187, 82.355812
06/29/16_11:43:38, 0.004688, 0.006375, 81.378295
06/29/16_11:43:40, 0.004688, 0.006000, 80.400779
06/29/16_11:43:41, 0.003938, 0.004688, 79.423263
06/29/16_11:43:43, 0.003562, 0.003938, 81.378295
06/29/16_11:43:44, 0.003562, 0.004500, 84.310844
06/29/16_11:43:46, 0.003750, 0.004312, 84.310844
06/29/16_11:43:47, 0.003562, 0.004125, 87.243392
06/29/16_11:43:49, 0.003000, 0.004875, 87.243392
06/29/16_11:43:50, 0.005625, 0.005813, 88.220932
06/29/16_11:43:52, 0.005250, 0.004875, 93.108512
06/29/16_11:43:54, 0.003750, 0.004688, 89.198448
06/29/16_11:43:55, 0.004312, 0.004500, 90.175964
06/29/16_11:43:56, 0.004312, 0.004688, 94.086029
06/29/16_11:43:58, 0.003938, 0.003938, 90.175964
06/29/16_11:44:00, 0.003938, 0.004688, 91.153480
06/29/16_11:44:01, 0.003562, 0.004125, 91.153480
06/29/16_11:44:03, 0.003562, 0.003187, 90.175964
06/29/16_11:44:04, 0.003000, 0.003375, 86.265876
06/29/16_11:44:06, 0.003187, 0.003750, 90.175964
06/29/16_11:44:07, 0.003562, 0.003750, 91.153480
06/29/16_11:44:09, 0.003187, 0.003562, 88.220932
06/29/16_11:44:10, 0.002813, 0.003187, 89.198448
06/29/16_11:44:12, 0.003000, 0.003562, 88.220932
06/29/16_11:44:13, 0.003187, 0.003000, 89.198448
06/29/16_11:44:15, 0.003187, 0.003562, 90.175964
06/29/16_11:44:16, 0.003000, 0.003187, 90.175964
06/29/16_11:44:18, 0.003187, 0.002437, 89.198448
06/29/16_11:44:19, 0.003000, 0.002625, 89.198448
06/29/16_11:44:21, 0.002625, 0.002250, 89.198448
06/29/16_11:44:22, 0.002250, 0.002062, 96.041061
06/29/16_11:44:24, 0.002625, 0.002250, 93.108512
06/29/16_11:44:25, 0.002625, 0.002625, 93.108512
06/29/16_11:44:27, 0.002813, 0.001875, 92.130996
06/29/16_11:44:28, 0.003000, 0.002437, 91.153480
06/29/16_11:44:30, 0.003187, 0.002813, 91.153480
06/29/16_11:44:31, 0.003000, 0.003000, 92.130996
06/29/16_11:44:32, 0.003000, 0.002625, 93.108512
06/29/16_11:44:34, 0.003187, 0.002625, 94.086029
06/29/16_11:44:35, 0.003000, 0.002250, 91.153480
06/29/16_11:44:37, 0.003000, 0.002437, 90.175964
06/29/16_11:44:38, 0.004312, 0.003375, 99.951126
06/29/16_11:44:40, 0.004500, 0.003938, 100.928642
06/29/16_11:44:42, 0.004312, 0.003938, 100.928642
06/29/16_11:44:43, 0.003750, 0.004125, 99.951126
06/29/16_11:44:45, 0.003562, 0.003562, 99.951126
06/29/16_11:44:46, 0.003938, 0.003938, 102.883674
06/29/16_11:44:47, 0.003938, 0.003938, 100.928642
06/29/16_11:44:49, 0.004125, 0.004500, 99.951126
06/29/16_11:44:51, 0.004125, 0.003750, 101.906158
06/29/16_11:44:52, 0.004312, 0.004875, 102.883674
06/29/16_11:44:54, 0.004875, 0.003938, 105.816223
06/29/16_11:44:55, 0.004875, 0.004875, 106.793739
06/29/16_11:44:57, 0.005437, 0.004500, 109.726287
06/29/16_11:44:58, 0.006000, 0.005813, 109.726287
06/29/16_11:45:00, 0.005813, 0.006000, 109.726287
06/29/16_11:45:01, 0.006000, 0.005813, 106.793739
06/29/16_11:45:03, 0.005250, 0.006187, 104.838706
06/29/16_11:45:04, 0.005250, 0.005625, 99.951126
06/29/16_11:45:06, 0.004688, 0.004688, 97.996093
06/29/16_11:45:08, 0.003562, 0.003562, 107.771255
06/29/16_11:45:09, 0.003750, 0.003375, 110.703804
06/29/16_11:45:11, 0.003375, 0.002813, 102.883674
06/29/16_11:45:12, 0.003187, 0.002625, 103.861190
06/29/16_11:45:14, 0.003000, 0.002437, 100.928642
06/29/16_11:45:15, 0.003187, 0.002625, 101.906158
06/29/16_11:45:17, 0.003000, 0.002437, 101.906158
06/29/16_11:45:18, 0.003938, 0.003187, 109.726287
06/29/16_11:45:20, 0.004312, 0.003750, 109.726287
06/29/16_11:45:21, 0.003938, 0.003938, 102.883674
06/29/16_11:45:23, 0.003187, 0.003562, 108.748771
06/29/16_11:45:24, 0.003562, 0.003000, 73.558166
06/29/16_11:45:26, 0.004312, 0.003000, 36.412502
06/29/16_11:45:27, 0.004500, 0.003750, 100.928642
06/29/16_11:45:29, 0.004875, 0.003187, 76.490715
06/29/16_11:45:30, 0.004500, 0.004500, 102.883674
06/29/16_11:45:32, 0.003938, 0.003562, 110.703804
06/29/16_11:45:33, 0.004312, 0.002625, 113.636375
06/29/16_11:45:35, 0.004312, 0.003562, 36.412502
06/29/16_11:45:36, 0.003938, 0.002813, 103.861190
06/29/16_11:45:38, 0.003938, 0.003000, 104.838706
06/29/16_11:45:39, 0.003750, 0.003562, 107.771255
06/29/16_11:45:41, 0.003750, 0.003938, 102.883674
06/29/16_11:45:42, 0.002813, 0.003187, 101.906158
06/29/16_11:45:44, 0.002250, 0.002437, 102.883674
06/29/16_11:45:45, 0.001687, 0.002062, 105.816223
06/29/16_11:45:47, 0.001687, 0.001875, 104.838706
06/29/16_11:45:48, 0.001500, 0.001500, 103.861190
06/29/16_11:45:50, 0.002062, 0.001875, 102.883674
06/29/16_11:45:51, 0.002437, 0.002062, 102.883674
06/29/16_11:45:53, 0.002062, 0.002062, 103.861190
06/29/16_11:45:54, 0.001687, 0.002062, 102.883674
06/29/16_11:45:56, 0.001312, 0.001687, 99.951126
06/29/16_11:45:57, 0.001125, 0.001500, 97.996093
06/29/16_11:45:59, 0.001312, 0.001687, 98.973609
06/29/16_11:46:00, 0.001500, 0.001875, 101.906158
06/29/16_11:46:02, 0.001687, 0.002250, 106.793739
06/29/16_11:46:03, 0.002437, 0.002250, 110.703804
06/29/16_11:46:05, 0.002437, 0.002625, 111.681320
06/29/16_11:46:06, 0.002625, 0.002813, 112.658836
06/29/16_11:46:08, 0.003187, 0.003375, 114.613891
06/29/16_11:46:09, 0.003187, 0.003562, 110.703804
06/29/16_11:46:11, 0.002625, 0.003000, 106.793739
06/29/16_11:46:12, 0.002813, 0.003187, 108.748771
06/29/16_11:46:14, 0.002813, 0.002813, 109.726287
06/29/16_11:46:15, 0.002625, 0.003000, 106.793739
06/29/16_11:46:17, 0.002625, 0.003000, 105.816223
06/29/16_11:46:18, 0.002437, 0.002813, 100.928642
06/29/16_11:46:20, 0.002437, 0.002625, 101.906158
06/29/16_11:46:21, 0.002625, 0.001875, 115.591407
06/29/16_11:46:23, 0.003375, 0.002437, 120.478988
06/29/16_11:46:24, 0.003187, 0.002250, 113.636375
06/29/16_11:46:26, 0.003938, 0.002437, 111.681320
06/29/16_11:46:27, 0.003562, 0.002625, 107.771255
06/29/16_11:46:29, 0.003750, 0.003187, 107.771255
06/29/16_11:46:30, 0.003562, 0.003562, 108.748771
06/29/16_11:46:32, 0.003562, 0.003750, 108.748771
06/29/16_11:46:33, 0.003375, 0.003187, 107.771255
06/29/16_11:46:35, 0.002813, 0.002437, 101.906158
06/29/16_11:46:37, 0.003000, 0.003000, 106.793739
06/29/16_11:46:38, 0.003187, 0.002625, 102.883674
06/29/16_11:46:39, 0.003562, 0.002813, 102.883674
06/29/16_11:46:41, 0.003938, 0.003187, 100.928642
06/29/16_11:46:42, 0.004125, 0.003187, 104.838706
06/29/16_11:46:44, 0.003938, 0.003000, 100.928642
06/29/16_11:46:45, 0.003375, 0.002625, 96.041061
06/29/16_11:46:47, 0.002437, 0.002437, 94.086029
06/29/16_11:46:49, 0.001875, 0.002062, 92.130996
06/29/16_11:46:50, 0.002813, 0.001875, 99.951126
06/29/16_11:46:52, 0.004312, 0.001875, 101.906158
06/29/16_11:46:53, 0.004125, 0.003187, 101.906158
06/29/16_11:46:55, 0.003562, 0.003375, 99.951126
06/29/16_11:46:56, 0.003187, 0.003375, 97.996093
06/29/16_11:46:58, 0.003187, 0.003375, 96.041061
06/29/16_11:46:59, 0.003000, 0.003187, 98.973609
06/29/16_11:47:01, 0.003000, 0.003000, 96.041061
06/29/16_11:47:02, 0.003375, 0.002813, 98.973609
06/29/16_11:47:04, 0.003187, 0.003375, 99.951126
06/29/16_11:47:05, 0.002813, 0.003187, 97.018577
06/29/16_11:47:07, 0.003000, 0.002625, 93.108512
06/29/16_11:47:08, 0.002250, 0.002437, 90.175964
06/29/16_11:47:10, 0.001687, 0.002250, 86.265876
06/29/16_11:47:11, 0.001500, 0.002062, 84.310844
06/29/16_11:47:13, 0.001687, 0.002062, 84.310844
06/29/16_11:47:14, 0.001875, 0.002062, 89.198448
06/29/16_11:47:16, 0.002062, 0.002250, 91.153480
06/29/16_11:47:17, 0.002062, 0.002437, 88.220932
06/29/16_11:47:19, 0.001875, 0.002437, 91.153480
06/29/16_11:47:20, 0.002062, 0.002437, 87.243392
06/29/16_11:47:22, 0.001875, 0.001875, 88.220932
06/29/16_11:47:23, 0.001687, 0.001875, 86.265876
06/29/16_11:47:25, 0.001687, 0.001687, 87.243392
06/29/16_11:47:27, 0.001687, 0.001875, 87.243392
06/29/16_11:47:28, 0.002062, 0.001687, 90.175964
06/29/16_11:47:30, 0.002062, 0.001500, 88.220932
06/29/16_11:47:31, 0.001687, 0.001687, 85.288360
06/29/16_11:47:33, 0.001500, 0.001875, 86.265876
06/29/16_11:47:34, 0.001312, 0.001687, 88.220932
06/29/16_11:47:36, 0.001125, 0.001687, 86.265876
06/29/16_11:47:37, 0.001312, 0.001687, 86.265876
06/29/16_11:47:39, 0.001312, 0.001875, 86.265876
06/29/16_11:47:40, 0.001312, 0.001687, 87.243392
06/29/16_11:47:42, 0.001500, 0.001687, 87.243392
06/29/16_11:47:43, 0.001687, 0.001687, 83.333328
06/29/16_11:47:45, 0.001312, 0.001687, 81.378295
06/29/16_11:47:46, 0.000937, 0.001500, 81.378295
06/29/16_11:47:48, 0.000937, 0.001312, 81.378295
06/29/16_11:47:49, 0.000937, 0.001125, 81.378295
06/29/16_11:47:51, 0.001125, 0.001125, 79.423263
06/29/16_11:47:52, 0.000937, 0.001125, 39.345073
06/29/16_11:47:54, 0.000937, 0.001125, 75.513198
06/29/16_11:47:55, 0.000937, 0.001125, 75.513198
06/29/16_11:47:57, 0.000937, 0.001125, 74.535682
06/29/16_11:47:58, 0.001125, 0.001125, 77.468231
06/29/16_11:48:00, 0.000937, 0.000937, 78.445747
06/29/16_11:48:01, 0.000937, 0.000937, 78.445747
06/29/16_11:48:03, 0.000750, 0.000750, 77.468231
06/29/16_11:48:04, 0.000750, 0.000750, 78.445747
06/29/16_11:48:06, 0.000750, 0.000937, 77.468231
06/29/16_11:48:07, 0.000562, 0.000937, 77.468231
06/29/16_11:48:09, 0.000562, 0.000750, 76.490715
06/29/16_11:48:10, 0.000562, 0.000750, 72.580650
06/29/16_11:48:12, 0.000562, 0.000750, 69.648101
06/29/16_11:48:13, 0.000750, 0.000750, 69.648101
06/29/16_11:48:15, 0.000750, 0.000750, 68.670585
06/29/16_11:48:16, 0.000750, 0.000937, 70.625617
06/29/16_11:48:18, 0.000750, 0.001125, 74.535682
06/29/16_11:48:19, 0.001125, 0.001125, 76.490715
06/29/16_11:48:21, 0.000937, 0.001125, 77.468231
06/29/16_11:48:22, 0.000937, 0.000937, 75.513198
06/29/16_11:48:24, 0.000750, 0.000750, 74.535682
06/29/16_11:48:25, 0.000750, 0.000750, 76.490715
06/29/16_11:48:27, 0.001125, 0.000937, 78.445747
06/29/16_11:48:28, 0.001312, 0.000937, 79.423263
06/29/16_11:48:30, 0.001312, 0.001125, 81.378295
06/29/16_11:48:31, 0.001500, 0.001125, 82.355812
06/29/16_11:48:33, 0.001500, 0.001500, 81.378295
06/29/16_11:48:34, 0.001500, 0.001500, 79.423263
06/29/16_11:48:36, 0.001312, 0.001500, 78.445747
06/29/16_11:48:37, 0.001312, 0.001500, 79.423263
06/29/16_11:48:39, 0.001312, 0.001312, 80.400779
06/29/16_11:48:40, 0.001125, 0.001312, 78.445747
06/29/16_11:48:41, 0.001125, 0.001125, 75.513198
06/29/16_11:48:43, 0.001125, 0.001125, 76.490715
06/29/16_11:48:45, 0.001312, 0.001125, 80.400779
06/29/16_11:48:46, 0.001312, 0.001312, 81.378295
06/29/16_11:48:47, 0.001312, 0.001125, 81.378295
06/29/16_11:48:49, 0.001125, 0.001125, 80.400779
06/29/16_11:48:51, 0.001125, 0.000937, 81.378295
06/29/16_11:48:52, 0.001125, 0.001125, 82.355812
06/29/16_11:48:54, 0.001125, 0.001125, 80.400779
06/29/16_11:48:55, 0.001125, 0.001125, 79.423263
06/29/16_11:48:57, 0.001125, 0.000937, 75.513198
06/29/16_11:48:58, 0.001125, 0.000937, 76.490715
06/29/16_11:49:00, 0.001125, 0.000937, 76.490715
06/29/16_11:49:01, 0.001125, 0.000937, 76.490715
06/29/16_11:49:03, 0.000937, 0.000937, 76.490715
06/29/16_11:49:04, 0.000937, 0.001125, 76.490715
06/29/16_11:49:06, 0.000937, 0.000937, 70.625617
06/29/16_11:49:07, 0.000562, 0.000937, 70.625617
06/29/16_11:49:09, 0.000750, 0.000937, 73.558166
06/29/16_11:49:10, 0.000750, 0.000937, 72.580650
06/29/16_11:49:12, 0.000750, 0.000937, 71.603134
06/29/16_11:49:13, 0.000750, 0.000750, 70.625617
06/29/16_11:49:15, 0.000937, 0.000750, 71.603134
06/29/16_11:49:16, 0.000937, 0.000750, 71.603134
06/29/16_11:49:18, 0.000750, 0.000937, 72.580650
06/29/16_11:49:19, 0.000750, 0.000937, 71.603134
06/29/16_11:49:21, 0.000750, 0.000750, 71.603134
06/29/16_11:49:22, 0.000750, 0.000750, 69.648101
06/29/16_11:49:24, 0.000750, 0.000750, 70.625617
06/29/16_11:49:25, 0.000750, 0.000750, 69.648101
06/29/16_11:49:27, 0.000750, 0.000750, 70.625617
06/29/16_11:49:29, 0.000750, 0.000750, 71.603134
06/29/16_11:49:30, 0.000750, 0.000750, 70.625617
06/29/16_11:49:32, 0.000750, 0.000750, 70.625617
06/29/16_11:49:33, 0.000562, 0.000750, 70.625617
06/29/16_11:49:35, 0.000562, 0.000562, 71.603134
06/29/16_11:49:36, 0.000562, 0.000562, 69.648101
06/29/16_11:49:38, 0.000562, 0.000562, 70.625617
06/29/16_11:49:39, 0.000375, 0.000562, 67.693069
06/29/16_11:49:41, 0.000188, 0.000562, 67.693069
06/29/16_11:49:42, 0.000000, 0.000375, 67.693069
06/29/16_11:49:44, 0.000000, 0.000188, 66.715553
06/29/16_11:49:46, 0.000000, 0.000375, 67.693069
06/29/16_11:49:47, 0.000188, 0.000188, 69.648101
06/29/16_11:49:49, 0.000188, 0.000375, 69.648101
06/29/16_11:49:50, 0.000375, 0.000375, 68.670585
06/29/16_11:49:52, 0.000375, 0.000188, 69.648101
06/29/16_11:49:53, 0.000562, 0.000375, 69.648101
06/29/16_11:49:55, 0.000562, 0.000375, 70.625617
06/29/16_11:49:56, 0.000562, 0.000562, 71.603134
06/29/16_11:49:58, 0.000562, 0.000562, 69.648101
06/29/16_11:49:59, 0.000562, 0.000562, 69.648101
06/29/16_11:50:01, 0.000375, 0.000562, 68.670585
06/29/16_11:50:02, 0.000188, 0.000375, 67.693069
06/29/16_11:50:04, -0.000188, 0.000375, 65.738037
06/29/16_11:50:05, -0.000188, 0.000188, 65.738037
06/29/16_11:50:07, 0.000188, 0.000188, 66.715553
06/29/16_11:50:08, 0.000188, 0.000375, 67.693069
06/29/16_11:50:10, 0.000375, 0.000562, 68.670585
06/29/16_11:50:11, 0.000562, 0.000562, 70.625617
06/29/16_11:50:13, 0.000375, 0.000562, 68.670585
06/29/16_11:50:14, 0.000375, 0.000562, 65.738037
06/29/16_11:50:16, 0.000375, 0.000562, 64.760520
06/29/16_11:50:17, 0.000375, 0.000375, 60.850429
06/29/16_11:50:19, 0.000375, 0.000375, 64.760520
06/29/16_11:50:21, 0.000375, 0.000375, 66.715553
06/29/16_11:50:22, 0.000188, 0.000375, 64.760520
06/29/16_11:50:24, 0.000188, 0.000375, 66.715553
06/29/16_11:50:25, 0.000188, 0.000375, 66.715553
06/29/16_11:50:27, 0.000188, 0.000375, 65.738037
06/29/16_11:50:28, 0.000188, 0.000375, 65.738037
06/29/16_11:50:30, 0.000188, 0.000375, 64.760520
06/29/16_11:50:31, 0.000000, 0.000375, 63.783004
06/29/16_11:50:33, -0.000188, 0.000188, 62.805461
06/29/16_11:50:34, -0.000188, 0.000188, 60.850429
06/29/16_11:50:36, -0.000188, 0.000000, 60.850429
06/29/16_11:50:37, -0.000188, 0.000000, 59.872913
06/29/16_11:50:39, -0.000188, 0.000000, 54.007816
06/29/16_11:50:40, -0.000375, -0.000188, 51.075267
06/29/16_11:50:42, -0.000750, -0.000375, 51.075267
06/29/16_11:50:43, -0.000750, -0.000375, 50.097751
06/29/16_11:50:45, -0.000375, -0.000188, 56.940364
06/29/16_11:50:46, -0.000375, -0.000188, 56.940364
06/29/16_11:50:48, -0.000375, 0.000000, 56.940364
06/29/16_11:50:49, -0.000375, 0.000000, 56.940364
06/29/16_11:50:51, -0.000562, 0.000000, 55.962848
06/29/16_11:50:53, -0.000562, 0.000000, 54.985332
06/29/16_11:50:54, -0.000562, 0.000000, 54.985332
06/29/16_11:50:56, -0.000562, 0.000000, 53.030300
06/29/16_11:50:57, -0.000937, 0.000000, 47.165203
06/29/16_11:50:59, -0.001125, 0.000000, 44.232654
06/29/16_11:51:01, -0.001125, -0.000375, 41.300106
06/29/16_11:51:02, -0.001125, -0.000375, 40.322589
06/29/16_11:51:04, -0.001125, -0.000188, 41.300106
06/29/16_11:51:05, -0.000937, -0.000188, 45.210170
06/29/16_11:51:07, -0.000937, -0.000188, 42.277622
06/29/16_11:51:08, -0.000937, -0.000188, 45.210170
06/29/16_11:51:10, -0.000750, -0.000375, 45.210170
06/29/16_11:51:12, -0.000750, -0.000375, 45.210170
06/29/16_11:51:13, -0.000937, -0.000188, 47.165203
06/29/16_11:51:14, -0.001312, 0.000000, 42.277622
06/29/16_11:51:16, -0.001312, -0.000188, 39.345073
06/29/16_11:51:17, -0.001312, -0.000188, 39.345073
06/29/16_11:51:19, -0.001500, -0.000188, 39.345073
06/29/16_11:51:21, -0.001500, -0.000188, 39.345073
06/29/16_11:51:22, -0.001687, 0.000000, 39.345073
06/29/16_11:51:24, -0.001687, -0.000188, 38.367557
06/29/16_11:51:25, -0.001312, -0.000375, 37.390018
06/29/16_11:51:27, -0.001687, -0.000937, 39.345073
06/29/16_11:51:28, -0.001500, -0.000937, 39.345073
06/29/16_11:51:30, -0.001500, -0.001125, 41.300106
06/29/16_11:51:31, -0.002062, -0.000937, 41.300106
06/29/16_11:51:33, -0.001875, -0.001312, 38.367557
06/29/16_11:51:35, -0.001125, -0.000937, 41.300106
06/29/16_11:51:36, -0.001500, -0.000750, 42.277622
06/29/16_11:51:38, -0.001125, -0.000937, 43.255138
06/29/16_11:51:39, -0.001312, -0.001125, 43.255138
06/29/16_11:51:41, -0.001312, -0.001125, 41.300106
06/29/16_11:51:42, -0.001312, -0.001125, 41.300106
06/29/16_11:51:44, -0.001687, -0.001125, 42.277622
06/29/16_11:51:46, -0.001687, -0.001312, 40.322589
06/29/16_11:51:47, -0.001500, -0.000937, 41.300106
06/29/16_11:51:49, -0.001500, -0.000188, 41.300106
06/29/16_11:51:50, -0.001312, 0.000000, 41.300106
06/29/16_11:51:52, -0.001312, 0.000000, 39.345073
06/29/16_11:51:54, -0.001312, 0.000000, 40.322589
06/29/16_11:51:55, -0.001125, 0.000000, 39.345073
06/29/16_11:51:57, -0.000750, 0.000188, 40.322589
06/29/16_11:51:59, -0.000562, 0.000000, 39.345073
06/29/16_11:52:00, -0.000375, 0.000000, 37.390018
06/29/16_11:52:02, -0.000375, 0.000000, 37.390018
06/29/16_11:52:03, -0.000375, 0.000188, 36.412502
06/29/16_11:52:05, -0.000375, 0.000188, 38.367557
06/29/16_11:52:06, -0.000188, 0.000000, 38.367557
06/29/16_11:52:08, -0.000375, 0.000000, 37.390018
06/29/16_11:52:09, -0.000188, 0.000000, 37.390018
06/29/16_11:52:11, -0.000188, 0.000188, 38.367557
06/29/16_11:52:12, -0.000188, 0.000188, 38.367557
06/29/16_11:52:14, -0.000375, 0.000188, 37.390018
06/29/16_11:52:15, -0.000188, 0.000188, 36.412502
06/29/16_11:52:17, -0.000188, 0.000188, 37.390018
06/29/16_11:52:18, -0.000188, 0.000188, 39.345073
06/29/16_11:52:20, -0.000188, 0.000188, 39.345073
06/29/16_11:52:21, -0.000188, 0.000188, 39.345073
06/29/16_11:52:23, -0.000188, 0.000188, 38.367557
06/29/16_11:52:24, -0.000188, -0.000188, 38.367557
06/29/16_11:52:26, -0.000188, -0.000188, 38.367557
06/29/16_11:52:27, -0.000188, -0.000188, 39.345073
06/29/16_11:52:29, -0.000188, 0.000000, 37.390018
06/29/16_11:52:30, -0.000188, -0.000188, 36.412502
06/29/16_11:52:32, -0.000188, -0.000188, 33.479953
06/29/16_11:52:33, -0.000188, -0.000188, 34.457469
06/29/16_11:52:35, -0.000188, 0.000000, 32.502437
06/29/16_11:52:36, -0.000188, -0.000188, 32.502437
06/29/16_11:52:38, -0.000188, -0.000188, 31.524921
06/29/16_11:52:39, 0.000000, -0.000188, 30.547405
06/29/16_11:52:41, -0.000188, -0.000188, 30.547405
06/29/16_11:52:42, 0.000000, 0.000000, 30.547405
06/29/16_11:52:44, -0.000188, -0.000188, 29.569889
06/29/16_11:52:45, -0.000188, 0.000000, 30.547405
06/29/16_11:52:47, -0.000188, -0.000188, 30.547405
06/29/16_11:52:48, -0.000188, 0.000000, 32.502437
06/29/16_11:52:50, -0.000188, 0.000000, 32.502437
06/29/16_11:52:51, -0.000188, 0.000000, 31.524921
06/29/16_11:52:53, -0.000188, -0.000188, 31.524921
06/29/16_11:52:54, -0.000188, -0.000188, 31.524921
06/29/16_11:52:56, -0.000188, 0.000000, 31.524921
