Time, HF1, HF2, TC1
06/30/16_08:35:49, 0.000000, 0.000000, 23.704792
06/30/16_08:35:50, 0.000000, 0.000000, 22.727275
06/30/16_08:35:51, 0.000000, 0.000000, 23.704792
06/30/16_08:35:53, 0.000000, 0.000000, 23.704792
06/30/16_08:35:54, 0.000000, 0.000000, 24.682308
06/30/16_08:35:56, 0.000000, 0.000000, 23.704792
06/30/16_08:35:57, 0.000000, 0.000000, 23.704792
06/30/16_08:35:59, 0.000000, 0.000000, 23.704792
06/30/16_08:36:00, 0.000000, 0.000000, 23.704792
06/30/16_08:36:02, 0.000000, 0.000000, 23.704792
06/30/16_08:36:03, 0.000000, 0.000000, 23.704792
06/30/16_08:36:05, 0.000000, 0.000000, 22.727275
06/30/16_08:36:06, 0.000000, 0.000000, 23.704792
06/30/16_08:36:08, 0.000000, 0.000000, 23.704792
06/30/16_08:36:09, 0.000000, 0.000000, 23.704792
06/30/16_08:36:11, 0.000000, 0.000000, 23.704792
06/30/16_08:36:12, 0.000000, 0.000000, 22.727275
06/30/16_08:36:14, 0.000000, 0.000000, 23.704792
06/30/16_08:36:15, 0.000000, 0.000000, 23.704792
06/30/16_08:36:17, 0.000000, 0.000000, 23.704792
06/30/16_08:36:18, 0.000000, 0.000000, 23.704792
06/30/16_08:36:20, 0.000000, 0.000000, 24.682308
06/30/16_08:36:21, 0.000000, 0.000000, 23.704792
06/30/16_08:36:23, 0.000000, 0.000000, 23.704792
06/30/16_08:36:24, 0.000000, 0.000000, 24.682308
06/30/16_08:36:26, 0.000000, 0.000000, 23.704792
06/30/16_08:36:27, 0.000000, 0.000000, 23.704792
06/30/16_08:36:29, 0.000000, 0.000000, 23.704792
06/30/16_08:36:30, 0.000000, 0.000000, 23.704792
06/30/16_08:36:32, 0.000000, 0.000000, 23.704792
06/30/16_08:36:34, 0.000000, 0.000000, 23.704792
06/30/16_08:36:35, 0.000000, 0.000000, 23.704792
06/30/16_08:36:37, 0.000000, 0.000000, 22.727275
06/30/16_08:36:38, 0.000000, 0.000000, 22.727275
06/30/16_08:36:40, 0.000000, 0.000000, 24.682308
06/30/16_08:36:41, 0.000000, 0.000000, 24.682308
06/30/16_08:36:42, 0.000000, 0.000000, 24.682308
06/30/16_08:36:44, 0.000000, 0.000000, 23.704792
06/30/16_08:36:45, 0.000000, 0.000000, 24.682308
06/30/16_08:36:47, 0.000000, 0.000000, 23.704792
06/30/16_08:36:48, 0.000000, 0.000000, 24.682308
06/30/16_08:36:50, 0.000000, 0.000000, 24.682308
06/30/16_08:36:51, 0.000000, 0.000000, 24.682308
06/30/16_08:36:53, 0.000000, 0.000000, 24.682308
06/30/16_08:36:54, 0.000000, 0.000000, 23.704792
06/30/16_08:36:56, 0.000000, 0.000000, 23.704792
06/30/16_08:36:57, 0.000000, 0.000000, 23.704792
06/30/16_08:36:59, 0.000000, 0.000000, 24.682308
06/30/16_08:37:00, 0.000000, 0.000000, 23.704792
06/30/16_08:37:02, 0.000000, 0.000000, 24.682308
06/30/16_08:37:03, 0.000000, 0.000000, 24.682308
06/30/16_08:37:05, 0.000000, 0.000000, 24.682308
06/30/16_08:37:06, 0.000188, 0.000000, 24.682308
06/30/16_08:37:08, 0.000000, 0.000000, 24.682308
06/30/16_08:37:09, 0.000000, 0.000000, 24.682308
06/30/16_08:37:11, 0.000000, 0.000000, 24.682308
06/30/16_08:37:12, 0.000000, 0.000000, 24.682308
06/30/16_08:37:14, 0.000000, 0.000000, 24.682308
06/30/16_08:37:15, 0.000000, 0.000000, 24.682308
06/30/16_08:37:17, 0.000000, 0.000000, 24.682308
06/30/16_08:37:18, 0.000000, 0.000000, 23.704792
06/30/16_08:37:20, 0.000000, 0.000000, 23.704792
06/30/16_08:37:21, 0.000000, 0.000000, 23.704792
06/30/16_08:37:23, 0.000000, 0.000000, 22.727275
06/30/16_08:37:24, 0.000000, 0.000000, 21.749759
06/30/16_08:37:26, 0.000188, 0.000000, 20.772243
06/30/16_08:37:27, 0.000188, 0.000000, 22.727275
06/30/16_08:37:29, 0.000188, 0.000000, 20.772243
06/30/16_08:37:30, 0.000000, 0.000000, 22.727275
06/30/16_08:37:32, 0.000188, 0.000000, 20.772243
06/30/16_08:37:33, 0.000000, 0.000000, 22.727275
06/30/16_08:37:35, 0.000000, 0.000000, 22.727275
06/30/16_08:37:36, 0.000000, 0.000000, 22.727275
06/30/16_08:37:38, 0.000188, 0.000000, 22.727275
06/30/16_08:37:39, 0.000000, 0.000000, 22.727275
06/30/16_08:37:41, 0.000000, 0.000000, 22.727275
06/30/16_08:37:42, 0.000000, 0.000000, 22.727275
06/30/16_08:37:44, 0.000000, 0.000000, 24.682308
06/30/16_08:37:45, 0.000000, 0.000000, 22.727275
06/30/16_08:37:47, 0.000000, 0.000000, 23.704792
06/30/16_08:37:48, 0.000000, 0.000000, 22.727275
06/30/16_08:37:50, 0.000000, 0.000000, 22.727275
06/30/16_08:37:51, 0.000000, 0.000000, 22.727275
06/30/16_08:37:53, 0.000000, 0.000000, 22.727275
06/30/16_08:37:54, 0.000000, 0.000000, 22.727275
06/30/16_08:37:56, 0.000000, 0.000000, 22.727275
06/30/16_08:37:58, 0.000000, 0.000000, 23.704792
06/30/16_08:37:59, 0.000000, 0.000000, 22.727275
06/30/16_08:38:01, 0.000000, 0.000000, 23.704792
06/30/16_08:38:02, 0.000000, 0.000000, 23.704792
06/30/16_08:38:04, 0.000000, 0.000000, 22.727275
06/30/16_08:38:05, 0.000000, 0.000000, 22.727275
06/30/16_08:38:07, 0.000000, 0.000000, 23.704792
06/30/16_08:38:08, 0.000000, 0.000000, 23.704792
06/30/16_08:38:10, 0.000000, 0.000000, 23.704792
06/30/16_08:38:11, 0.000000, 0.000000, 23.704792
06/30/16_08:38:13, 0.000000, 0.000000, 21.749759
06/30/16_08:38:14, 0.000000, 0.000000, 24.682308
06/30/16_08:38:16, 0.000000, 0.000000, 23.704792
06/30/16_08:38:18, 0.000000, 0.000000, 23.704792
06/30/16_08:38:19, 0.000000, 0.000000, 23.704792
06/30/16_08:38:21, 0.000000, 0.000000, 22.727275
06/30/16_08:38:22, 0.000000, 0.000000, 22.727275
06/30/16_08:38:24, 0.000000, 0.000000, 23.704792
06/30/16_08:38:25, 0.000000, 0.000000, 22.727275
06/30/16_08:38:27, 0.000000, 0.000000, 23.704792
06/30/16_08:38:29, 0.000188, 0.000000, 23.704792
06/30/16_08:38:30, 0.000000, 0.000000, 22.727275
06/30/16_08:38:32, 0.000000, 0.000000, 22.727275
06/30/16_08:38:33, 0.000000, 0.000000, 23.704792
06/30/16_08:38:35, 0.000000, 0.000000, 22.727275
06/30/16_08:38:37, 0.000000, 0.000000, 22.727275
06/30/16_08:38:38, 0.000000, 0.000000, 22.727275
06/30/16_08:38:39, 0.000000, 0.000000, 21.749759
06/30/16_08:38:41, 0.000000, 0.000000, 21.749759
06/30/16_08:38:42, 0.000000, 0.000000, 22.727275
06/30/16_08:38:44, 0.000000, 0.000000, 21.749759
06/30/16_08:38:46, 0.000000, 0.000000, 21.749759
06/30/16_08:38:47, 0.000000, 0.000000, 20.772243
06/30/16_08:38:49, 0.000000, 0.000000, 21.749759
06/30/16_08:38:50, 0.000000, 0.000000, 20.772243
06/30/16_08:38:52, 0.000000, 0.000000, 21.749759
06/30/16_08:38:53, 0.000000, 0.000000, 20.772243
06/30/16_08:38:55, 0.000000, 0.000000, 20.772243
06/30/16_08:38:57, 0.000000, 0.000000, 20.772243
06/30/16_08:38:58, 0.000000, 0.000000, 21.749759
06/30/16_08:39:00, 0.000000, 0.000000, 21.749759
06/30/16_08:39:01, 0.000000, 0.000000, 19.794727
06/30/16_08:39:02, 0.000000, 0.000000, 19.794727
06/30/16_08:39:04, 0.000000, 0.000000, 21.749759
06/30/16_08:39:05, 0.000000, 0.000000, 21.749759
06/30/16_08:39:07, 0.000000, 0.000000, 22.727275
06/30/16_08:39:09, 0.000000, 0.000000, 21.749759
06/30/16_08:39:10, 0.000000, 0.000000, 22.727275
06/30/16_08:39:12, 0.000000, 0.000000, 22.727275
06/30/16_08:39:13, 0.000000, 0.000000, 22.727275
06/30/16_08:39:15, 0.000000, 0.000000, 22.727275
06/30/16_08:39:16, 0.000000, 0.000000, 23.704792
06/30/16_08:39:18, 0.000000, 0.000000, 22.727275
06/30/16_08:39:19, 0.000000, 0.000000, 23.704792
06/30/16_08:39:21, 0.000000, 0.000000, 23.704792
06/30/16_08:39:22, 0.000000, 0.000000, 22.727275
06/30/16_08:39:23, 0.000000, 0.000000, 23.704792
06/30/16_08:39:25, 0.000000, 0.000000, 22.727275
06/30/16_08:39:26, 0.000000, 0.000000, 22.727275
06/30/16_08:39:28, 0.000000, 0.000000, 23.704792
06/30/16_08:39:30, 0.000000, 0.000000, 23.704792
06/30/16_08:39:31, 0.000000, 0.000000, 24.682308
06/30/16_08:39:33, 0.000000, 0.000000, 23.704792
06/30/16_08:39:34, 0.000000, 0.000000, 23.704792
06/30/16_08:39:36, 0.000000, 0.000000, 23.704792
06/30/16_08:39:37, 0.000000, 0.000000, 23.704792
06/30/16_08:39:39, 0.000000, 0.000000, 25.659824
06/30/16_08:39:40, 0.000000, 0.000000, 24.682308
06/30/16_08:39:42, 0.000000, 0.000000, 24.682308
06/30/16_08:39:43, 0.000000, 0.000000, 24.682308
06/30/16_08:39:45, 0.000000, 0.000000, 23.704792
06/30/16_08:39:46, 0.000000, 0.000000, 24.682308
06/30/16_08:39:48, 0.000000, 0.000000, 24.682308
06/30/16_08:39:49, 0.000188, 0.000000, 23.704792
06/30/16_08:39:51, 0.000188, 0.000000, 25.659824
06/30/16_08:39:53, 0.000000, 0.000000, 25.659824
06/30/16_08:39:54, 0.000000, 0.000000, 23.704792
06/30/16_08:39:55, 0.000000, 0.000000, 23.704792
06/30/16_08:39:57, 0.000000, 0.000000, 22.727275
06/30/16_08:39:58, 0.000000, 0.000000, 23.704792
06/30/16_08:40:00, 0.000000, 0.000000, 21.749759
06/30/16_08:40:01, 0.000000, 0.000000, 23.704792
06/30/16_08:40:03, 0.000000, 0.000000, 22.727275
06/30/16_08:40:04, 0.000000, 0.000000, 23.704792
06/30/16_08:40:06, 0.000188, 0.000000, 24.682308
06/30/16_08:40:08, 0.000000, 0.000000, 24.682308
06/30/16_08:40:09, 0.000000, 0.000000, 26.637340
06/30/16_08:40:11, 0.000000, 0.000000, 24.682308
06/30/16_08:40:12, 0.000000, 0.000000, 24.682308
06/30/16_08:40:14, 0.000000, 0.000000, 23.704792
06/30/16_08:40:15, 0.000000, 0.000188, 24.682308
06/30/16_08:40:17, 0.000000, 0.000188, 24.682308
06/30/16_08:40:18, 0.000000, 0.000000, 26.637340
06/30/16_08:40:20, 0.000000, 0.000000, 24.682308
06/30/16_08:40:22, 0.000000, 0.000000, 24.682308
06/30/16_08:40:23, 0.000000, 0.000000, 23.704792
06/30/16_08:40:25, 0.000000, 0.000000, 23.704792
06/30/16_08:40:26, 0.000000, 0.000000, 23.704792
06/30/16_08:40:28, 0.000000, 0.000000, 23.704792
06/30/16_08:40:29, 0.000000, 0.000000, 23.704792
06/30/16_08:40:31, 0.000000, 0.000000, 23.704792
06/30/16_08:40:32, 0.000000, 0.000000, 26.637340
06/30/16_08:40:34, 0.000000, 0.000000, 25.659824
06/30/16_08:40:35, 0.000000, 0.000000, 25.659824
06/30/16_08:40:37, 0.000000, 0.000000, 25.659824
06/30/16_08:40:38, 0.000000, 0.000000, 25.659824
06/30/16_08:40:40, 0.000000, 0.000000, 25.659824
06/30/16_08:40:42, 0.000188, 0.000000, 25.659824
06/30/16_08:40:43, 0.000188, 0.000000, 24.682308
06/30/16_08:40:45, 0.000000, 0.000000, 24.682308
06/30/16_08:40:46, 0.000000, 0.000000, 26.637340
06/30/16_08:40:48, 0.000000, 0.000000, 25.659824
06/30/16_08:40:49, 0.000000, 0.000000, 24.682308
06/30/16_08:40:51, 0.000000, 0.000000, 24.682308
06/30/16_08:40:52, 0.000000, 0.000000, 24.682308
06/30/16_08:40:54, 0.000000, 0.000000, 24.682308
06/30/16_08:40:55, 0.000000, 0.000000, 23.704792
06/30/16_08:40:57, 0.000000, 0.000000, 24.682308
06/30/16_08:40:58, 0.000000, 0.000000, 24.682308
06/30/16_08:41:00, 0.000000, 0.000000, 23.704792
06/30/16_08:41:01, 0.000000, 0.000000, 24.682308
06/30/16_08:41:03, 0.000000, 0.000000, 24.682308
06/30/16_08:41:04, 0.000000, 0.000000, 24.682308
06/30/16_08:41:06, 0.000000, 0.000000, 26.637340
06/30/16_08:41:07, 0.000000, 0.000000, 25.659824
06/30/16_08:41:09, 0.000000, 0.000000, 25.659824
06/30/16_08:41:10, 0.000000, 0.000000, 24.682308
06/30/16_08:41:12, 0.000000, 0.000000, 24.682308
06/30/16_08:41:13, 0.000000, 0.000000, 24.682308
06/30/16_08:41:15, 0.000188, 0.000000, 25.659824
06/30/16_08:41:16, 0.000000, 0.000000, 25.659824
06/30/16_08:41:18, 0.000000, 0.000000, 25.659824
06/30/16_08:41:19, 0.000000, 0.000000, 24.682308
06/30/16_08:41:21, 0.000000, 0.000000, 25.659824
06/30/16_08:41:22, 0.000000, 0.000000, 24.682308
06/30/16_08:41:24, 0.000000, 0.000000, 24.682308
06/30/16_08:41:25, 0.000000, 0.000000, 24.682308
06/30/16_08:41:27, 0.000000, 0.000000, 25.659824
06/30/16_08:41:28, 0.000000, 0.000000, 24.682308
06/30/16_08:41:30, 0.000000, 0.000000, 24.682308
06/30/16_08:41:31, 0.000000, 0.000000, 25.659824
06/30/16_08:41:33, 0.000000, 0.000188, 24.682308
06/30/16_08:41:34, 0.000000, 0.000000, 25.659824
06/30/16_08:41:36, 0.000188, 0.000000, 24.682308
06/30/16_08:41:38, 0.000000, 0.000000, 24.682308
06/30/16_08:41:39, 0.000000, 0.000000, 26.637340
06/30/16_08:41:41, 0.000000, 0.000000, 25.659824
06/30/16_08:41:42, 0.000000, 0.000000, 25.659824
06/30/16_08:41:44, 0.000000, 0.000000, 23.704792
06/30/16_08:41:45, 0.000000, 0.000000, 24.682308
06/30/16_08:41:47, 0.000000, 0.000000, 25.659824
06/30/16_08:41:48, 0.000000, 0.000000, 26.637340
06/30/16_08:41:50, 0.000000, 0.000000, 24.682308
06/30/16_08:41:51, 0.000000, 0.000000, 24.682308
06/30/16_08:41:53, 0.000000, 0.000000, 25.659824
06/30/16_08:41:55, 0.000000, 0.000000, 24.682308
06/30/16_08:41:56, 0.000000, 0.000000, 25.659824
06/30/16_08:41:58, 0.000000, 0.000000, 25.659824
06/30/16_08:41:59, 0.000000, 0.000000, 23.704792
06/30/16_08:42:01, 0.000000, 0.000000, 23.704792
06/30/16_08:42:02, 0.000000, 0.000000, 23.704792
06/30/16_08:42:03, 0.000000, 0.000000, 22.727275
06/30/16_08:42:05, 0.000000, 0.000000, 23.704792
06/30/16_08:42:07, 0.000000, 0.000000, 23.704792
06/30/16_08:42:08, 0.000000, 0.000000, 23.704792
06/30/16_08:42:10, 0.000000, 0.000000, 22.727275
06/30/16_08:42:12, 0.000000, 0.000000, 23.704792
06/30/16_08:42:13, 0.000000, 0.000000, 22.727275
06/30/16_08:42:15, 0.000000, 0.000000, 23.704792
06/30/16_08:42:16, 0.000000, 0.000000, 23.704792
06/30/16_08:42:18, 0.000000, 0.000000, 22.727275
06/30/16_08:42:19, 0.000000, 0.000000, 22.727275
06/30/16_08:42:21, 0.000000, 0.000000, 22.727275
06/30/16_08:42:22, 0.000000, 0.000000, 23.704792
06/30/16_08:42:24, 0.000000, 0.000000, 22.727275
06/30/16_08:42:25, 0.000000, 0.000000, 22.727275
06/30/16_08:42:27, 0.000000, 0.000000, 23.704792
06/30/16_08:42:28, 0.000000, 0.000000, 21.749759
06/30/16_08:42:30, 0.000000, 0.000000, 22.727275
06/30/16_08:42:31, 0.000000, 0.000000, 23.704792
06/30/16_08:42:33, 0.000000, 0.000000, 21.749759
06/30/16_08:42:34, 0.000000, 0.000000, 22.727275
06/30/16_08:42:36, 0.000000, 0.000000, 23.704792
06/30/16_08:42:37, 0.000000, 0.000000, 23.704792
06/30/16_08:42:39, 0.000000, 0.000000, 23.704792
06/30/16_08:42:40, 0.000000, 0.000000, 24.682308
06/30/16_08:42:42, 0.000000, 0.000000, 23.704792
06/30/16_08:42:43, 0.000000, 0.000000, 23.704792
06/30/16_08:42:45, 0.000000, 0.000000, 23.704792
06/30/16_08:42:46, 0.000000, 0.000000, 23.704792
06/30/16_08:42:48, 0.000000, 0.000000, 21.749759
06/30/16_08:42:49, 0.000000, 0.000000, 23.704792
06/30/16_08:42:51, 0.000000, 0.000000, 22.727275
06/30/16_08:42:52, 0.000000, 0.000000, 22.727275
06/30/16_08:42:54, 0.000000, 0.000000, 22.727275
06/30/16_08:42:55, 0.000000, 0.000000, 22.727275
06/30/16_08:42:57, 0.000000, 0.000000, 23.704792
06/30/16_08:42:58, 0.000000, 0.000000, 23.704792
06/30/16_08:43:00, 0.000000, 0.000000, 24.682308
06/30/16_08:43:01, 0.000000, 0.000000, 24.682308
06/30/16_08:43:03, 0.000000, 0.000000, 23.704792
06/30/16_08:43:04, 0.000000, 0.000000, 23.704792
06/30/16_08:43:06, 0.000000, 0.000000, 23.704792
06/30/16_08:43:07, 0.000000, 0.000000, 23.704792
06/30/16_08:43:09, 0.000000, 0.000000, 24.682308
06/30/16_08:43:10, 0.000000, 0.000000, 23.704792
06/30/16_08:43:12, 0.000000, 0.000000, 23.704792
06/30/16_08:43:13, 0.000000, 0.000000, 23.704792
06/30/16_08:43:15, 0.000000, 0.000000, 23.704792
06/30/16_08:43:16, 0.000000, 0.000000, 23.704792
06/30/16_08:43:18, 0.000000, 0.000000, 22.727275
06/30/16_08:43:19, 0.000000, 0.000000, 22.727275
06/30/16_08:43:21, 0.000000, 0.000000, 24.682308
06/30/16_08:43:23, 0.000000, 0.000000, 22.727275
06/30/16_08:43:24, 0.000000, 0.000000, 21.749759
06/30/16_08:43:26, 0.000000, 0.000000, 23.704792
06/30/16_08:43:27, 0.000000, 0.000000, 22.727275
06/30/16_08:43:29, 0.000000, 0.000000, 23.704792
06/30/16_08:43:30, 0.000000, 0.000000, 23.704792
06/30/16_08:43:32, 0.000000, 0.000000, 23.704792
06/30/16_08:43:33, 0.000000, 0.000000, 24.682308
06/30/16_08:43:35, 0.000000, 0.000000, 23.704792
06/30/16_08:43:36, 0.000000, 0.000000, 22.727275
06/30/16_08:43:38, 0.000000, 0.000000, 23.704792
06/30/16_08:43:39, 0.000000, 0.000000, 23.704792
06/30/16_08:43:41, 0.000000, 0.000000, 24.682308
06/30/16_08:43:43, 0.000000, 0.000000, 23.704792
06/30/16_08:43:44, 0.000000, 0.000188, 23.704792
06/30/16_08:43:46, 0.000188, 0.000000, 23.704792
06/30/16_08:43:47, 0.000188, 0.000000, 24.682308
06/30/16_08:43:49, 0.000000, 0.000000, 24.682308
06/30/16_08:43:50, 0.000000, 0.000000, 24.682308
06/30/16_08:43:52, 0.000000, 0.000000, 24.682308
06/30/16_08:43:53, 0.000000, 0.000000, 24.682308
06/30/16_08:43:55, 0.000000, 0.000000, 24.682308
06/30/16_08:43:56, 0.000000, 0.000000, 24.682308
06/30/16_08:43:58, 0.000000, 0.000000, 25.659824
06/30/16_08:43:59, 0.000000, 0.000000, 24.682308
06/30/16_08:44:01, 0.000000, 0.000000, 23.704792
06/30/16_08:44:03, 0.000000, 0.000000, 23.704792
06/30/16_08:44:04, 0.000000, 0.000000, 23.704792
06/30/16_08:44:06, 0.000000, 0.000000, 21.749759
06/30/16_08:44:07, 0.000000, 0.000000, 21.749759
06/30/16_08:44:09, 0.000000, 0.000000, 22.727275
06/30/16_08:44:10, 0.000000, 0.000000, 22.727275
06/30/16_08:44:12, 0.000000, 0.000000, 22.727275
06/30/16_08:44:13, 0.000000, 0.000000, 22.727275
06/30/16_08:44:14, 0.000000, 0.000000, 22.727275
06/30/16_08:44:16, 0.000000, 0.000000, 21.749759
06/30/16_08:44:17, 0.000000, 0.000000, 22.727275
06/30/16_08:44:19, 0.000000, 0.000000, 21.749759
06/30/16_08:44:21, 0.000000, 0.000000, 20.772243
06/30/16_08:44:22, 0.000000, 0.000000, 21.749759
06/30/16_08:44:23, 0.000000, 0.000000, 21.749759
06/30/16_08:44:25, 0.000000, 0.000000, 21.749759
06/30/16_08:44:26, 0.000000, 0.000000, 21.749759
06/30/16_08:44:28, 0.000000, 0.000000, 22.727275
06/30/16_08:44:30, 0.000000, 0.000000, 21.749759
06/30/16_08:44:31, 0.000000, 0.000000, 22.727275
06/30/16_08:44:33, 0.000000, 0.000000, 22.727275
06/30/16_08:44:35, 0.000000, 0.000000, 21.749759
06/30/16_08:44:36, 0.000000, 0.000000, 21.749759
06/30/16_08:44:38, 0.000000, 0.000000, 21.749759
06/30/16_08:44:39, 0.000000, 0.000000, 21.749759
06/30/16_08:44:41, 0.000000, 0.000000, 20.772243
06/30/16_08:44:42, 0.000000, 0.000000, 21.749759
06/30/16_08:44:43, 0.000000, 0.000000, 22.727275
06/30/16_08:44:45, 0.000000, 0.000000, 21.749759
06/30/16_08:44:46, 0.000000, 0.000000, 22.727275
06/30/16_08:44:48, 0.000000, 0.000188, 21.749759
06/30/16_08:44:49, 0.000000, 0.000000, 22.727275
06/30/16_08:44:51, 0.000000, 0.000000, 22.727275
06/30/16_08:44:52, 0.000000, 0.000000, 20.772243
06/30/16_08:44:54, 0.000000, 0.000000, 22.727275
06/30/16_08:44:55, 0.000000, 0.000000, 22.727275
06/30/16_08:44:57, 0.000000, 0.000000, 21.749759
06/30/16_08:44:59, 0.000000, 0.000000, 22.727275
06/30/16_08:45:00, 0.000000, 0.000000, 22.727275
06/30/16_08:45:02, 0.000000, 0.000000, 22.727275
06/30/16_08:45:03, 0.000000, 0.000000, 21.749759
06/30/16_08:45:05, 0.000000, 0.000000, 22.727275
06/30/16_08:45:06, 0.000000, 0.000000, 21.749759
06/30/16_08:45:08, 0.000000, 0.000000, 21.749759
06/30/16_08:45:09, 0.000000, 0.000000, 21.749759
06/30/16_08:45:11, 0.000000, 0.000000, 21.749759
06/30/16_08:45:12, 0.000000, 0.000000, 22.727275
06/30/16_08:45:14, 0.000000, 0.000000, 22.727275
06/30/16_08:45:15, 0.000000, 0.000000, 22.727275
06/30/16_08:45:17, 0.000000, 0.000000, 21.749759
06/30/16_08:45:18, 0.000000, 0.000000, 21.749759
06/30/16_08:45:20, 0.000000, 0.000000, 21.749759
06/30/16_08:45:21, 0.000000, 0.000000, 21.749759
06/30/16_08:45:23, 0.000000, 0.000000, 21.749759
06/30/16_08:45:24, 0.000000, 0.000000, 21.749759
06/30/16_08:45:26, 0.000000, 0.000000, 23.704792
06/30/16_08:45:28, 0.000000, 0.000000, 23.704792
06/30/16_08:45:29, 0.000000, 0.000000, 24.682308
06/30/16_08:45:31, 0.000000, 0.000000, 25.659824
06/30/16_08:45:32, 0.000000, 0.000000, 25.659824
06/30/16_08:45:34, 0.000000, 0.000000, 24.682308
06/30/16_08:45:35, 0.000000, 0.000000, 26.637340
06/30/16_08:45:36, 0.000000, 0.000000, 25.659824
06/30/16_08:45:38, 0.000000, 0.000000, 26.637340
06/30/16_08:45:39, 0.000000, 0.000000, 26.637340
06/30/16_08:45:41, 0.000000, 0.000000, 26.637340
06/30/16_08:45:43, 0.000000, 0.000000, 26.637340
06/30/16_08:45:44, 0.000000, 0.000000, 27.614856
06/30/16_08:45:46, 0.000000, 0.000000, 28.592372
06/30/16_08:45:47, 0.000000, 0.000000, 27.614856
06/30/16_08:45:49, 0.000000, 0.000000, 26.637340
06/30/16_08:45:50, 0.000000, 0.000000, 25.659824
06/30/16_08:45:52, 0.000000, 0.000000, 26.637340
06/30/16_08:45:54, 0.000000, 0.000000, 25.659824
06/30/16_08:45:55, 0.000000, 0.000000, 25.659824
06/30/16_08:45:57, 0.000000, 0.000000, 24.682308
06/30/16_08:45:58, 0.000000, 0.000000, 24.682308
06/30/16_08:46:00, 0.000000, 0.000000, 24.682308
06/30/16_08:46:01, 0.000000, 0.000000, 24.682308
06/30/16_08:46:03, 0.000000, 0.000000, 25.659824
06/30/16_08:46:04, 0.000000, 0.000000, 24.682308
06/30/16_08:46:06, 0.000000, 0.000000, 24.682308
06/30/16_08:46:07, 0.000000, 0.000000, 23.704792
06/30/16_08:46:09, 0.000000, 0.000000, 23.704792
06/30/16_08:46:10, 0.000000, 0.000000, 23.704792
06/30/16_08:46:12, 0.000000, 0.000000, 23.704792
06/30/16_08:46:13, 0.000000, 0.000000, 23.704792
06/30/16_08:46:15, 0.000000, 0.000000, 22.727275
06/30/16_08:46:17, 0.000000, 0.000000, 23.704792
06/30/16_08:46:18, 0.000000, 0.000000, 25.659824
06/30/16_08:46:20, 0.000000, 0.000000, 24.682308
06/30/16_08:46:21, 0.000000, 0.000000, 25.659824
06/30/16_08:46:23, 0.000000, 0.000000, 26.637340
06/30/16_08:46:24, 0.000000, 0.000000, 25.659824
06/30/16_08:46:26, 0.000000, 0.000000, 25.659824
06/30/16_08:46:27, 0.000000, 0.000000, 26.637340
06/30/16_08:46:29, 0.000000, 0.000000, 25.659824
06/30/16_08:46:30, 0.000000, 0.000000, 27.614856
06/30/16_08:46:32, 0.000000, 0.000000, 26.637340
06/30/16_08:46:33, 0.000000, 0.000000, 26.637340
06/30/16_08:46:35, 0.000000, 0.000000, 26.637340
06/30/16_08:46:36, 0.000000, 0.000000, 25.659824
06/30/16_08:46:38, 0.000000, 0.000000, 23.704792
06/30/16_08:46:39, 0.000000, 0.000000, 25.659824
06/30/16_08:46:41, 0.000000, 0.000000, 24.682308
06/30/16_08:46:42, 0.000188, 0.000000, 26.637340
06/30/16_08:46:44, 0.000000, 0.000000, 26.637340
06/30/16_08:46:45, 0.000000, 0.000000, 27.614856
06/30/16_08:46:47, 0.000188, 0.000000, 26.637340
06/30/16_08:46:48, 0.000000, 0.000188, 26.637340
06/30/16_08:46:50, 0.000000, 0.000000, 25.659824
06/30/16_08:46:52, 0.000000, 0.000000, 25.659824
06/30/16_08:46:53, 0.000000, 0.000000, 25.659824
06/30/16_08:46:55, 0.000000, 0.000000, 24.682308
06/30/16_08:46:56, 0.000000, 0.000000, 24.682308
06/30/16_08:46:58, 0.000000, 0.000000, 25.659824
06/30/16_08:46:59, 0.000000, 0.000000, 25.659824
06/30/16_08:47:01, 0.000000, 0.000000, 25.659824
06/30/16_08:47:02, 0.000000, 0.000000, 25.659824
06/30/16_08:47:04, 0.000000, 0.000000, 24.682308
06/30/16_08:47:05, 0.000000, 0.000000, 24.682308
06/30/16_08:47:07, 0.000000, 0.000000, 25.659824
06/30/16_08:47:09, 0.000000, 0.000000, 24.682308
06/30/16_08:47:10, 0.000000, 0.000000, 24.682308
06/30/16_08:47:12, 0.000000, 0.000000, 24.682308
06/30/16_08:47:13, 0.000000, 0.000000, 24.682308
06/30/16_08:47:15, 0.000000, 0.000000, 23.704792
06/30/16_08:47:17, 0.000000, 0.000000, 22.727275
06/30/16_08:47:18, 0.000000, 0.000000, 23.704792
06/30/16_08:47:19, 0.000000, 0.000000, 23.704792
06/30/16_08:47:21, 0.000000, 0.000000, 23.704792
06/30/16_08:47:23, 0.000000, 0.000000, 22.727275
06/30/16_08:47:24, 0.000000, 0.000000, 23.704792
06/30/16_08:47:26, 0.000000, 0.000000, 22.727275
06/30/16_08:47:27, 0.000000, 0.000000, 22.727275
06/30/16_08:47:29, 0.000000, 0.000000, 22.727275
06/30/16_08:47:30, 0.000000, 0.000000, 22.727275
06/30/16_08:47:32, 0.000000, 0.000000, 22.727275
06/30/16_08:47:33, 0.000000, 0.000000, 22.727275
06/30/16_08:47:35, 0.000000, 0.000000, 23.704792
06/30/16_08:47:36, 0.000000, 0.000000, 23.704792
06/30/16_08:47:38, 0.000000, 0.000000, 23.704792
06/30/16_08:47:39, 0.000000, 0.000000, 23.704792
06/30/16_08:47:41, 0.000000, 0.000000, 23.704792
06/30/16_08:47:42, 0.000000, 0.000000, 24.682308
06/30/16_08:47:44, 0.000000, 0.000000, 24.682308
06/30/16_08:47:46, 0.000000, 0.000000, 24.682308
06/30/16_08:47:47, 0.000000, 0.000000, 25.659824
06/30/16_08:47:49, 0.000000, 0.000000, 25.659824
06/30/16_08:47:50, 0.000000, 0.000000, 26.637340
06/30/16_08:47:52, 0.000000, 0.000000, 25.659824
06/30/16_08:47:53, 0.000188, 0.000000, 25.659824
06/30/16_08:47:55, 0.000000, 0.000000, 25.659824
06/30/16_08:47:56, 0.000000, 0.000000, 26.637340
06/30/16_08:47:58, 0.000000, 0.000000, 25.659824
06/30/16_08:47:59, 0.000000, 0.000000, 25.659824
06/30/16_08:48:01, 0.000000, 0.000000, 25.659824
06/30/16_08:48:02, 0.000000, 0.000000, 25.659824
06/30/16_08:48:04, 0.000000, 0.000000, 24.682308
06/30/16_08:48:05, 0.000000, 0.000000, 25.659824
06/30/16_08:48:07, 0.000000, 0.000000, 26.637340
06/30/16_08:48:08, 0.000000, 0.000000, 26.637340
06/30/16_08:48:10, 0.000000, 0.000000, 25.659824
06/30/16_08:48:12, 0.000000, 0.000000, 26.637340
06/30/16_08:48:13, 0.000000, 0.000000, 26.637340
06/30/16_08:48:15, 0.000000, 0.000000, 26.637340
06/30/16_08:48:16, 0.000000, 0.000000, 26.637340
06/30/16_08:48:18, 0.000000, 0.000000, 26.637340
06/30/16_08:48:19, 0.000000, 0.000000, 26.637340
06/30/16_08:48:21, 0.000000, 0.000000, 26.637340
06/30/16_08:48:23, 0.000000, 0.000000, 26.637340
06/30/16_08:48:24, 0.000000, 0.000000, 26.637340
06/30/16_08:48:26, 0.000000, 0.000000, 25.659824
06/30/16_08:48:27, 0.000000, 0.000000, 25.659824
06/30/16_08:48:29, 0.000000, 0.000000, 24.682308
06/30/16_08:48:30, 0.000000, 0.000000, 24.682308
06/30/16_08:48:32, 0.000000, 0.000000, 23.704792
06/30/16_08:48:33, 0.000000, 0.000000, 24.682308
06/30/16_08:48:35, 0.000000, 0.000000, 24.682308
06/30/16_08:48:36, 0.000000, 0.000000, 24.682308
06/30/16_08:48:38, 0.000000, 0.000000, 24.682308
06/30/16_08:48:39, 0.000000, 0.000000, 24.682308
06/30/16_08:48:41, 0.000000, 0.000000, 24.682308
06/30/16_08:48:43, 0.000000, 0.000000, 24.682308
06/30/16_08:48:44, 0.000000, 0.000000, 23.704792
06/30/16_08:48:46, 0.000000, 0.000000, 23.704792
06/30/16_08:48:47, 0.000000, 0.000000, 23.704792
06/30/16_08:48:49, 0.000000, 0.000000, 24.682308
06/30/16_08:48:50, 0.000000, 0.000000, 24.682308
06/30/16_08:48:52, 0.000000, 0.000000, 24.682308
06/30/16_08:48:53, 0.000000, 0.000000, 24.682308
06/30/16_08:48:55, 0.000000, 0.000000, 24.682308
06/30/16_08:48:56, 0.000000, 0.000000, 23.704792
06/30/16_08:48:58, 0.000000, 0.000000, 24.682308
06/30/16_08:48:59, 0.000000, 0.000000, 24.682308
06/30/16_08:49:01, 0.000000, 0.000000, 25.659824
06/30/16_08:49:02, 0.000000, 0.000000, 24.682308
06/30/16_08:49:04, 0.000000, 0.000000, 23.704792
06/30/16_08:49:05, 0.000000, 0.000000, 24.682308
06/30/16_08:49:07, 0.000000, 0.000000, 25.659824
06/30/16_08:49:09, 0.000000, 0.000000, 24.682308
06/30/16_08:49:10, 0.000000, 0.000000, 24.682308
06/30/16_08:49:12, 0.000000, 0.000000, 24.682308
06/30/16_08:49:13, 0.000000, 0.000000, 24.682308
06/30/16_08:49:15, 0.000000, 0.000000, 24.682308
06/30/16_08:49:16, 0.000000, 0.000000, 24.682308
06/30/16_08:49:18, 0.000000, 0.000000, 24.682308
06/30/16_08:49:19, 0.000000, 0.000000, 25.659824
06/30/16_08:49:21, 0.000000, 0.000000, 24.682308
06/30/16_08:49:23, 0.000000, 0.000000, 24.682308
06/30/16_08:49:24, 0.000000, 0.000000, 24.682308
06/30/16_08:49:26, 0.000000, 0.000000, 24.682308
06/30/16_08:49:27, 0.000000, 0.000000, 24.682308
06/30/16_08:49:29, 0.000000, 0.000000, 25.659824
06/30/16_08:49:30, 0.000000, 0.000000, 25.659824
06/30/16_08:49:32, 0.000000, 0.000000, 25.659824
06/30/16_08:49:33, 0.000000, 0.000000, 26.637340
06/30/16_08:49:35, 0.000000, 0.000000, 25.659824
06/30/16_08:49:36, 0.000000, 0.000000, 25.659824
06/30/16_08:49:38, 0.000000, 0.000000, 25.659824
06/30/16_08:49:39, 0.000000, 0.000000, 24.682308
06/30/16_08:49:41, 0.000000, 0.000000, 23.704792
06/30/16_08:49:42, 0.000000, 0.000000, 24.682308
06/30/16_08:49:44, 0.000000, 0.000000, 23.704792
06/30/16_08:49:46, 0.000000, 0.000000, 25.659824
06/30/16_08:49:47, 0.000000, 0.000000, 24.682308
06/30/16_08:49:48, 0.000000, 0.000000, 23.704792
06/30/16_08:49:50, 0.000000, 0.000000, 24.682308
06/30/16_08:49:51, 0.000000, 0.000000, 24.682308
06/30/16_08:49:53, 0.000000, 0.000000, 23.704792
06/30/16_08:49:54, 0.000000, 0.000000, 24.682308
06/30/16_08:49:56, 0.000000, 0.000000, 23.704792
06/30/16_08:49:57, 0.000000, 0.000000, 23.704792
06/30/16_08:49:59, 0.000000, 0.000000, 23.704792
06/30/16_08:50:00, 0.000000, 0.000000, 24.682308
06/30/16_08:50:02, 0.000000, 0.000000, 24.682308
06/30/16_08:50:04, 0.000000, 0.000000, 24.682308
06/30/16_08:50:05, 0.000000, 0.000000, 23.704792
06/30/16_08:50:07, 0.000000, 0.000000, 24.682308
06/30/16_08:50:08, 0.000000, 0.000000, 23.704792
06/30/16_08:50:10, 0.000000, 0.000000, 24.682308
06/30/16_08:50:11, 0.000188, 0.000000, 24.682308
06/30/16_08:50:13, 0.000000, 0.000000, 25.659824
06/30/16_08:50:14, 0.000000, 0.000000, 24.682308
06/30/16_08:50:16, 0.000000, 0.000000, 24.682308
06/30/16_08:50:17, 0.000000, 0.000000, 23.704792
06/30/16_08:50:19, 0.000000, 0.000000, 24.682308
06/30/16_08:50:20, 0.000000, 0.000000, 23.704792
06/30/16_08:50:22, 0.000000, 0.000000, 24.682308
06/30/16_08:50:23, 0.000000, 0.000000, 24.682308
06/30/16_08:50:25, 0.000000, 0.000000, 24.682308
06/30/16_08:50:27, 0.000000, 0.000000, 24.682308
06/30/16_08:50:28, 0.000000, 0.000000, 25.659824
06/30/16_08:50:30, 0.000000, 0.000000, 24.682308
06/30/16_08:50:31, 0.000000, 0.000000, 23.704792
06/30/16_08:50:33, 0.000000, 0.000000, 24.682308
06/30/16_08:50:34, 0.000000, 0.000000, 24.682308
06/30/16_08:50:36, 0.000000, 0.000000, 23.704792
06/30/16_08:50:37, 0.000000, 0.000000, 24.682308
06/30/16_08:50:39, 0.000000, 0.000000, 24.682308
06/30/16_08:50:40, 0.000000, 0.000000, 24.682308
06/30/16_08:50:42, 0.000000, 0.000000, 23.704792
06/30/16_08:50:43, 0.000000, 0.000000, 23.704792
06/30/16_08:50:45, 0.000000, 0.000000, 23.704792
06/30/16_08:50:46, 0.000000, 0.000000, 24.682308
06/30/16_08:50:48, 0.000000, 0.000000, 23.704792
06/30/16_08:50:50, 0.000000, 0.000000, 24.682308
06/30/16_08:50:51, 0.000000, 0.000000, 23.704792
06/30/16_08:50:53, 0.000000, 0.000000, 24.682308
06/30/16_08:50:54, 0.000000, 0.000000, 23.704792
06/30/16_08:50:56, 0.000000, 0.000000, 24.682308
06/30/16_08:50:57, 0.000000, 0.000000, 23.704792
06/30/16_08:50:59, 0.000000, 0.000000, 24.682308
06/30/16_08:51:00, 0.000000, 0.000000, 24.682308
06/30/16_08:51:02, 0.000000, 0.000000, 24.682308
06/30/16_08:51:04, 0.000000, 0.000000, 24.682308
06/30/16_08:51:05, 0.000000, 0.000000, 23.704792
06/30/16_08:51:07, 0.000000, 0.000000, 23.704792
06/30/16_08:51:08, 0.000000, 0.000000, 24.682308
06/30/16_08:51:09, 0.000000, 0.000000, 24.682308
06/30/16_08:51:11, 0.000000, 0.000000, 24.682308
06/30/16_08:51:13, 0.000000, 0.000000, 24.682308
06/30/16_08:51:14, 0.000000, 0.000000, 24.682308
06/30/16_08:51:16, 0.000000, 0.000000, 24.682308
06/30/16_08:51:17, 0.000000, 0.000000, 25.659824
06/30/16_08:51:19, 0.000000, 0.000000, 24.682308
06/30/16_08:51:20, 0.000000, 0.000000, 23.704792
06/30/16_08:51:22, 0.000000, 0.000000, 24.682308
06/30/16_08:51:23, 0.000000, 0.000000, 25.659824
06/30/16_08:51:24, 0.000000, 0.000000, 24.682308
06/30/16_08:51:26, 0.000000, 0.000000, 24.682308
06/30/16_08:51:28, 0.000000, 0.000000, 24.682308
06/30/16_08:51:29, 0.000000, 0.000000, 24.682308
06/30/16_08:51:30, 0.000000, 0.000000, 25.659824
06/30/16_08:51:32, 0.000000, 0.000000, 24.682308
06/30/16_08:51:33, 0.000000, 0.000000, 24.682308
06/30/16_08:51:35, 0.000000, 0.000000, 24.682308
06/30/16_08:51:37, 0.000000, 0.000000, 24.682308
06/30/16_08:51:38, 0.000000, 0.000000, 24.682308
06/30/16_08:51:40, 0.000000, 0.000000, 25.659824
06/30/16_08:51:41, 0.000000, 0.000000, 24.682308
06/30/16_08:51:43, 0.000000, 0.000000, 24.682308
06/30/16_08:51:44, 0.000000, 0.000000, 23.704792
06/30/16_08:51:46, 0.000000, 0.000000, 24.682308
06/30/16_08:51:47, 0.000000, 0.000000, 24.682308
06/30/16_08:51:49, 0.000000, 0.000000, 24.682308
06/30/16_08:51:50, 0.000000, 0.000000, 24.682308
06/30/16_08:51:52, 0.000000, 0.000000, 24.682308
06/30/16_08:51:53, 0.000000, 0.000000, 24.682308
06/30/16_08:51:55, 0.000000, 0.000000, 24.682308
06/30/16_08:51:56, 0.000000, 0.000000, 24.682308
06/30/16_08:51:58, 0.000000, 0.000000, 23.704792
06/30/16_08:51:59, 0.000000, 0.000000, 24.682308
06/30/16_08:52:01, 0.000000, 0.000000, 24.682308
06/30/16_08:52:02, 0.000000, 0.000000, 25.659824
06/30/16_08:52:04, 0.000000, 0.000000, 25.659824
06/30/16_08:52:05, 0.000000, 0.000000, 21.749759
06/30/16_08:52:07, 0.000000, 0.000000, 23.704792
06/30/16_08:52:08, 0.000000, 0.000188, 25.659824
06/30/16_08:52:10, 0.000000, 0.000000, 23.704792
06/30/16_08:52:11, 0.000000, 0.000000, 24.682308
06/30/16_08:52:13, 0.000000, 0.000000, 24.682308
06/30/16_08:52:14, 0.000000, 0.000000, 24.682308
06/30/16_08:52:16, 0.000000, 0.000000, 24.682308
06/30/16_08:52:18, 0.000188, 0.000000, 25.659824
06/30/16_08:52:20, 0.000000, 0.000000, 24.682308
06/30/16_08:52:21, 0.000000, 0.000000, 24.682308
06/30/16_08:52:23, 0.000000, 0.000000, 24.682308
06/30/16_08:52:24, 0.000000, 0.000000, 24.682308
06/30/16_08:52:26, 0.000000, 0.000000, 24.682308
06/30/16_08:52:27, 0.000000, 0.000000, 24.682308
06/30/16_08:52:29, 0.000000, 0.000000, 24.682308
06/30/16_08:52:30, 0.000000, 0.000000, 25.659824
06/30/16_08:52:32, 0.000000, 0.000000, 24.682308
06/30/16_08:52:33, 0.000000, 0.000000, 24.682308
06/30/16_08:52:35, 0.000000, 0.000000, 25.659824
06/30/16_08:52:36, 0.000000, 0.000000, 24.682308
06/30/16_08:52:38, 0.000000, 0.000000, 25.659824
06/30/16_08:52:40, 0.000000, 0.000000, 25.659824
06/30/16_08:52:41, 0.000000, 0.000000, 25.659824
06/30/16_08:52:43, 0.000000, 0.000000, 25.659824
06/30/16_08:52:44, 0.000000, 0.000000, 24.682308
06/30/16_08:52:46, 0.000000, 0.000000, 25.659824
06/30/16_08:52:47, 0.000000, 0.000000, 24.682308
06/30/16_08:52:49, 0.000000, 0.000000, 25.659824
06/30/16_08:52:50, 0.000000, 0.000000, 25.659824
06/30/16_08:52:52, 0.000000, 0.000000, 25.659824
06/30/16_08:52:53, 0.000000, 0.000000, 24.682308
06/30/16_08:52:55, 0.000000, 0.000000, 24.682308
06/30/16_08:52:56, 0.000000, 0.000000, 25.659824
06/30/16_08:52:58, 0.000000, 0.000000, 24.682308
06/30/16_08:53:00, 0.000000, 0.000000, 24.682308
06/30/16_08:53:01, 0.000000, 0.000000, 24.682308
06/30/16_08:53:03, 0.000000, 0.000000, 24.682308
06/30/16_08:53:04, 0.000000, 0.000000, 23.704792
06/30/16_08:53:06, 0.000000, 0.000000, 24.682308
06/30/16_08:53:07, 0.000000, 0.000000, 24.682308
06/30/16_08:53:09, 0.000000, 0.000000, 24.682308
06/30/16_08:53:10, 0.000000, 0.000000, 24.682308
06/30/16_08:53:12, 0.000000, 0.000000, 24.682308
06/30/16_08:53:13, 0.000000, 0.000000, 24.682308
06/30/16_08:53:15, 0.000000, 0.000000, 25.659824
06/30/16_08:53:16, 0.000000, 0.000000, 24.682308
06/30/16_08:53:18, 0.000000, 0.000000, 24.682308
06/30/16_08:53:19, 0.000000, 0.000000, 25.659824
06/30/16_08:53:21, 0.000000, 0.000000, 25.659824
06/30/16_08:53:22, 0.000000, 0.000000, 25.659824
06/30/16_08:53:24, 0.000000, 0.000000, 25.659824
06/30/16_08:53:25, 0.000000, 0.000000, 24.682308
06/30/16_08:53:27, 0.000000, 0.000000, 24.682308
06/30/16_08:53:29, 0.000000, 0.000000, 25.659824
06/30/16_08:53:30, 0.000000, 0.000000, 23.704792
06/30/16_08:53:32, 0.000000, 0.000000, 24.682308
06/30/16_08:53:33, 0.000000, 0.000000, 23.704792
06/30/16_08:53:35, 0.000000, 0.000000, 25.659824
06/30/16_08:53:36, 0.000000, 0.000000, 25.659824
06/30/16_08:53:38, 0.000000, 0.000000, 24.682308
06/30/16_08:53:39, 0.000000, 0.000000, 24.682308
06/30/16_08:53:40, 0.000000, 0.000188, 25.659824
06/30/16_08:53:42, 0.000000, 0.000000, 25.659824
06/30/16_08:53:43, 0.000000, 0.000000, 26.637340
06/30/16_08:53:45, 0.000000, 0.000000, 25.659824
06/30/16_08:53:46, 0.000000, 0.000000, 26.637340
06/30/16_08:53:48, 0.000000, 0.000000, 26.637340
06/30/16_08:53:49, 0.000000, 0.000000, 26.637340
06/30/16_08:53:51, 0.000000, 0.000000, 26.637340
06/30/16_08:53:53, 0.000000, 0.000000, 25.659824
06/30/16_08:53:54, 0.000000, 0.000000, 26.637340
06/30/16_08:53:56, 0.000000, 0.000000, 25.659824
06/30/16_08:53:57, 0.000000, 0.000000, 25.659824
06/30/16_08:53:59, 0.000000, 0.000000, 24.682308
06/30/16_08:54:00, 0.000000, 0.000000, 24.682308
06/30/16_08:54:02, 0.000000, 0.000000, 24.682308
06/30/16_08:54:03, 0.000000, 0.000000, 24.682308
06/30/16_08:54:05, 0.000000, 0.000000, 25.659824
06/30/16_08:54:07, 0.000000, 0.000000, 25.659824
06/30/16_08:54:08, 0.000000, 0.000000, 25.659824
06/30/16_08:54:10, 0.000000, 0.000000, 26.637340
06/30/16_08:54:11, 0.000000, 0.000000, 25.659824
06/30/16_08:54:13, 0.000000, 0.000000, 26.637340
06/30/16_08:54:14, 0.000000, 0.000000, 26.637340
06/30/16_08:54:16, 0.000000, 0.000000, 25.659824
06/30/16_08:54:17, 0.000000, 0.000000, 26.637340
06/30/16_08:54:19, 0.000000, 0.000000, 27.614856
06/30/16_08:54:20, 0.000000, 0.000000, 26.637340
06/30/16_08:54:22, 0.000000, 0.000000, 25.659824
06/30/16_08:54:23, 0.000000, 0.000000, 26.637340
06/30/16_08:54:25, 0.000000, 0.000000, 27.614856
06/30/16_08:54:26, 0.000000, 0.000000, 26.637340
06/30/16_08:54:27, 0.000000, 0.000000, 27.614856
06/30/16_08:54:29, 0.000000, 0.000000, 27.614856
06/30/16_08:54:30, 0.000000, 0.000000, 26.637340
06/30/16_08:54:32, 0.000000, 0.000000, 27.614856
06/30/16_08:54:33, 0.000000, 0.000000, 26.637340
06/30/16_08:54:35, 0.000000, 0.000000, 27.614856
06/30/16_08:54:36, 0.000000, 0.000000, 26.637340
06/30/16_08:54:38, 0.000000, 0.000000, 27.614856
06/30/16_08:54:39, 0.000188, 0.000000, 25.659824
06/30/16_08:54:41, 0.000000, 0.000000, 26.637340
06/30/16_08:54:42, 0.000000, 0.000000, 26.637340
06/30/16_08:54:44, 0.000000, 0.000000, 26.637340
06/30/16_08:54:45, 0.000000, 0.000000, 26.637340
06/30/16_08:54:47, 0.000000, 0.000000, 25.659824
06/30/16_08:54:49, 0.000000, 0.000000, 26.637340
06/30/16_08:54:50, 0.000000, 0.000000, 27.614856
06/30/16_08:54:52, 0.000000, 0.000000, 26.637340
06/30/16_08:54:53, 0.000000, 0.000000, 26.637340
06/30/16_08:54:55, 0.000188, 0.000000, 26.637340
06/30/16_08:54:56, 0.000000, 0.000000, 26.637340
06/30/16_08:54:58, 0.000000, 0.000000, 25.659824
06/30/16_08:54:59, 0.000000, 0.000000, 25.659824
06/30/16_08:55:01, 0.000000, 0.000188, 26.637340
06/30/16_08:55:02, 0.000000, 0.000000, 26.637340
06/30/16_08:55:04, 0.000000, 0.000000, 26.637340
06/30/16_08:55:05, 0.000000, 0.000000, 26.637340
06/30/16_08:55:07, 0.000000, 0.000000, 26.637340
06/30/16_08:55:08, 0.000000, 0.000000, 26.637340
06/30/16_08:55:10, 0.000000, 0.000000, 27.614856
06/30/16_08:55:11, 0.000000, 0.000000, 26.637340
06/30/16_08:55:13, 0.000000, 0.000000, 26.637340
06/30/16_08:55:14, 0.000188, 0.000000, 26.637340
06/30/16_08:55:16, 0.000000, 0.000000, 26.637340
06/30/16_08:55:17, 0.000000, 0.000000, 26.637340
06/30/16_08:55:19, 0.000000, 0.000000, 26.637340
06/30/16_08:55:21, 0.000000, 0.000000, 28.592372
06/30/16_08:55:22, 0.000000, 0.000000, 26.637340
06/30/16_08:55:24, 0.000000, 0.000000, 28.592372
06/30/16_08:55:25, 0.000000, 0.000000, 27.614856
06/30/16_08:55:27, 0.000000, 0.000000, 28.592372
06/30/16_08:55:28, 0.000000, 0.000000, 28.592372
06/30/16_08:55:30, 0.000000, 0.000000, 27.614856
06/30/16_08:55:31, 0.000000, 0.000000, 27.614856
06/30/16_08:55:32, 0.000000, 0.000000, 27.614856
06/30/16_08:55:34, 0.000000, 0.000000, 26.637340
06/30/16_08:55:36, 0.000000, 0.000000, 27.614856
06/30/16_08:55:37, 0.000000, 0.000000, 26.637340
06/30/16_08:55:39, 0.000000, 0.000000, 26.637340
06/30/16_08:55:40, 0.000000, 0.000000, 26.637340
06/30/16_08:55:42, 0.000000, 0.000000, 26.637340
06/30/16_08:55:43, 0.000000, 0.000000, 25.659824
06/30/16_08:55:45, 0.000000, 0.000000, 26.637340
06/30/16_08:55:46, 0.000000, 0.000000, 25.659824
06/30/16_08:55:48, 0.000000, 0.000000, 25.659824
06/30/16_08:55:49, 0.000000, 0.000000, 25.659824
06/30/16_08:55:51, 0.000000, 0.000000, 26.637340
06/30/16_08:55:52, 0.000000, 0.000000, 26.637340
06/30/16_08:55:54, 0.000000, 0.000000, 27.614856
06/30/16_08:55:55, 0.000000, 0.000000, 27.614856
06/30/16_08:55:57, 0.000000, 0.000188, 27.614856
06/30/16_08:55:58, 0.000000, 0.000000, 27.614856
06/30/16_08:56:00, 0.000188, 0.000000, 28.592372
06/30/16_08:56:01, 0.000000, 0.000000, 28.592372
06/30/16_08:56:03, 0.000000, 0.000000, 27.614856
06/30/16_08:56:05, 0.000000, 0.000000, 28.592372
06/30/16_08:56:06, 0.000000, 0.000000, 26.637340
06/30/16_08:56:08, 0.000000, 0.000000, 27.614856
06/30/16_08:56:09, 0.000000, 0.000000, 27.614856
06/30/16_08:56:11, 0.000000, 0.000000, 27.614856
06/30/16_08:56:13, 0.000000, 0.000000, 28.592372
06/30/16_08:56:14, 0.000000, 0.000000, 27.614856
06/30/16_08:56:16, 0.000188, 0.000000, 26.637340
06/30/16_08:56:17, 0.000000, 0.000000, 27.614856
06/30/16_08:56:19, 0.000000, 0.000000, 26.637340
06/30/16_08:56:20, 0.000188, 0.000000, 27.614856
06/30/16_08:56:22, 0.000000, 0.000000, 28.592372
06/30/16_08:56:23, 0.000000, 0.000000, 28.592372
06/30/16_08:56:25, 0.000000, 0.000000, 28.592372
06/30/16_08:56:26, 0.000000, 0.000000, 27.614856
06/30/16_08:56:28, 0.000000, 0.000000, 28.592372
06/30/16_08:56:29, 0.000000, 0.000000, 27.614856
06/30/16_08:56:31, 0.000000, 0.000000, 27.614856
06/30/16_08:56:32, 0.000000, 0.000000, 27.614856
06/30/16_08:56:34, 0.000000, 0.000000, 26.637340
06/30/16_08:56:35, 0.000000, 0.000000, 26.637340
06/30/16_08:56:37, 0.000000, 0.000000, 27.614856
06/30/16_08:56:38, 0.000000, 0.000000, 27.614856
06/30/16_08:56:40, 0.000000, 0.000000, 27.614856
06/30/16_08:56:41, 0.000000, 0.000000, 26.637340
06/30/16_08:56:43, 0.000000, 0.000000, 28.592372
06/30/16_08:56:44, 0.000000, 0.000000, 28.592372
06/30/16_08:56:46, 0.000000, 0.000000, 27.614856
06/30/16_08:56:47, 0.000000, 0.000000, 28.592372
06/30/16_08:56:49, 0.000000, 0.000000, 28.592372
06/30/16_08:56:50, 0.000000, 0.000000, 27.614856
06/30/16_08:56:52, 0.000000, 0.000000, 27.614856
06/30/16_08:56:53, 0.000000, 0.000000, 25.659824
06/30/16_08:56:55, 0.000000, 0.000000, 26.637340
06/30/16_08:56:56, 0.000000, 0.000000, 26.637340
06/30/16_08:56:58, 0.000000, 0.000000, 26.637340
06/30/16_08:56:59, 0.000000, 0.000000, 26.637340
06/30/16_08:57:01, 0.000000, 0.000000, 26.637340
06/30/16_08:57:02, 0.000000, 0.000000, 26.637340
06/30/16_08:57:04, 0.000000, 0.000000, 26.637340
06/30/16_08:57:05, 0.000000, 0.000000, 27.614856
06/30/16_08:57:07, 0.000000, 0.000000, 27.614856
06/30/16_08:57:08, 0.000000, 0.000000, 27.614856
06/30/16_08:57:10, 0.000000, 0.000000, 27.614856
06/30/16_08:57:11, 0.000000, 0.000000, 27.614856
06/30/16_08:57:13, 0.000000, 0.000000, 27.614856
06/30/16_08:57:14, 0.000000, 0.000000, 27.614856
06/30/16_08:57:16, 0.000000, 0.000000, 27.614856
06/30/16_08:57:17, 0.000000, 0.000000, 27.614856
06/30/16_08:57:19, 0.000000, 0.000000, 28.592372
06/30/16_08:57:20, 0.000000, 0.000000, 27.614856
06/30/16_08:57:22, 0.000000, 0.000000, 27.614856
06/30/16_08:57:23, 0.000000, 0.000000, 26.637340
06/30/16_08:57:25, 0.000000, 0.000000, 27.614856
06/30/16_08:57:26, 0.000000, 0.000000, 28.592372
06/30/16_08:57:28, 0.000000, 0.000000, 27.614856
06/30/16_08:57:29, 0.000000, 0.000000, 26.637340
06/30/16_08:57:31, 0.000000, 0.000000, 27.614856
06/30/16_08:57:32, 0.000000, 0.000000, 28.592372
06/30/16_08:57:34, 0.000000, 0.000000, 29.569889
06/30/16_08:57:35, 0.000000, 0.000000, 28.592372
06/30/16_08:57:37, 0.000000, 0.000000, 28.592372
06/30/16_08:57:38, 0.000000, 0.000000, 28.592372
06/30/16_08:57:40, 0.000000, 0.000000, 28.592372
06/30/16_08:57:41, 0.000000, 0.000000, 28.592372
06/30/16_08:57:43, 0.000000, 0.000000, 28.592372
06/30/16_08:57:44, 0.000000, 0.000000, 27.614856
06/30/16_08:57:46, 0.000000, 0.000000, 28.592372
06/30/16_08:57:48, 0.000000, 0.000000, 27.614856
06/30/16_08:57:49, 0.000000, 0.000000, 28.592372
06/30/16_08:57:51, 0.000000, 0.000000, 28.592372
06/30/16_08:57:52, 0.000000, 0.000000, 28.592372
06/30/16_08:57:54, 0.000000, 0.000000, 27.614856
06/30/16_08:57:55, 0.000000, 0.000000, 28.592372
06/30/16_08:57:57, 0.000000, 0.000000, 27.614856
06/30/16_08:57:58, 0.000000, 0.000000, 28.592372
06/30/16_08:58:00, 0.000000, 0.000000, 28.592372
06/30/16_08:58:01, 0.000000, 0.000000, 28.592372
06/30/16_08:58:03, 0.000000, 0.000188, 27.614856
06/30/16_08:58:04, 0.000188, 0.000000, 25.659824
06/30/16_08:58:06, 0.000000, 0.000188, 23.704792
06/30/16_08:58:07, 0.000000, 0.000000, 24.682308
06/30/16_08:58:09, 0.000000, 0.000000, 23.704792
06/30/16_08:58:10, 0.000000, 0.000000, 23.704792
06/30/16_08:58:12, 0.000000, 0.000000, 23.704792
06/30/16_08:58:14, 0.000000, 0.000000, 22.727275
06/30/16_08:58:15, 0.000000, 0.000000, 24.682308
06/30/16_08:58:16, 0.000000, 0.000000, 22.727275
06/30/16_08:58:18, 0.000000, 0.000000, 23.704792
06/30/16_08:58:19, 0.000000, 0.000000, 23.704792
06/30/16_08:58:21, 0.000000, 0.000000, 22.727275
06/30/16_08:58:23, 0.000000, 0.000000, 22.727275
06/30/16_08:58:24, 0.000000, 0.000000, 21.749759
06/30/16_08:58:25, 0.000000, 0.000000, 22.727275
06/30/16_08:58:27, 0.000000, 0.000000, 22.727275
06/30/16_08:58:29, 0.000000, 0.000000, 21.749759
06/30/16_08:58:30, 0.000000, 0.000000, 22.727275
06/30/16_08:58:32, 0.000000, 0.000000, 22.727275
06/30/16_08:58:33, 0.000000, 0.000000, 22.727275
06/30/16_08:58:35, 0.000000, 0.000000, 22.727275
06/30/16_08:58:36, 0.000000, 0.000000, 23.704792
06/30/16_08:58:38, 0.000000, 0.000000, 21.749759
06/30/16_08:58:39, 0.000000, 0.000000, 22.727275
06/30/16_08:58:41, 0.000000, 0.000000, 22.727275
06/30/16_08:58:42, 0.000000, 0.000000, 22.727275
06/30/16_08:58:44, 0.000000, 0.000000, 22.727275
06/30/16_08:58:45, 0.000000, 0.000000, 22.727275
06/30/16_08:58:47, 0.000000, 0.000000, 23.704792
06/30/16_08:58:48, 0.000000, 0.000000, 22.727275
06/30/16_08:58:50, 0.000000, 0.000000, 23.704792
06/30/16_08:58:51, 0.000000, 0.000000, 22.727275
06/30/16_08:58:53, 0.000000, -0.000188, 22.727275
06/30/16_08:58:55, 0.000000, -0.000188, 22.727275
06/30/16_08:58:56, 0.000000, -0.000188, 23.704792
06/30/16_08:58:58, 0.000000, 0.000000, 24.682308
06/30/16_08:58:59, 0.000000, 0.000000, 22.727275
06/30/16_08:59:01, -0.000188, -0.000188, 17.839694
06/30/16_08:59:03, 0.000000, 0.000000, 18.817211
06/30/16_08:59:04, 0.000000, 0.000000, 17.839694
06/30/16_08:59:06, 0.000000, 0.000000, 18.817211
06/30/16_08:59:07, -0.000188, -0.000188, 19.794727
06/30/16_08:59:09, 0.000000, 0.000000, 18.817211
06/30/16_08:59:10, 0.000000, 0.000188, 18.817211
06/30/16_08:59:12, 0.000000, 0.000000, 18.817211
06/30/16_08:59:13, 0.000000, 0.000000, 19.794727
06/30/16_08:59:15, 0.000188, 0.000000, 20.772243
06/30/16_08:59:17, 0.000188, 0.000000, 19.794727
06/30/16_08:59:18, 0.000188, 0.000000, 19.794727
06/30/16_08:59:20, 0.000188, 0.000000, 19.794727
06/30/16_08:59:21, 0.000375, 0.000000, 19.794727
06/30/16_08:59:23, 0.000375, 0.000188, 19.794727
06/30/16_08:59:24, 0.000188, 0.000188, 20.772243
06/30/16_08:59:26, 0.000188, 0.000000, 19.794727
06/30/16_08:59:27, 0.000000, 0.000188, 20.772243
06/30/16_08:59:29, 0.000000, 0.000188, 20.772243
06/30/16_08:59:30, 0.000000, 0.000188, 20.772243
06/30/16_08:59:32, 0.000000, 0.000188, 20.772243
06/30/16_08:59:33, 0.000000, 0.000188, 20.772243
06/30/16_08:59:35, 0.000000, 0.000188, 20.772243
06/30/16_08:59:36, 0.000000, 0.000188, 20.772243
06/30/16_08:59:38, 0.000000, 0.000188, 20.772243
06/30/16_08:59:39, 0.000000, 0.000000, 20.772243
06/30/16_08:59:41, 0.000000, 0.000188, 20.772243
06/30/16_08:59:42, 0.000000, 0.000188, 20.772243
06/30/16_08:59:44, 0.000188, 0.000000, 20.772243
06/30/16_08:59:46, 0.000188, 0.000188, 19.794727
06/30/16_08:59:47, 0.000188, 0.000188, 20.772243
06/30/16_08:59:48, 0.000188, 0.000000, 21.749759
06/30/16_08:59:50, 0.000188, 0.000000, 20.772243
06/30/16_08:59:51, 0.000000, 0.000000, 20.772243
06/30/16_08:59:53, 0.000000, 0.000188, 20.772243
06/30/16_08:59:54, 0.000000, 0.000000, 20.772243
06/30/16_08:59:56, 0.000000, 0.000000, 20.772243
06/30/16_08:59:57, 0.000000, 0.000000, 20.772243
06/30/16_08:59:59, 0.000000, 0.000000, 21.749759
06/30/16_09:00:00, 0.000000, 0.000000, 21.749759
06/30/16_09:00:02, 0.000000, 0.000000, 21.749759
06/30/16_09:00:03, 0.000000, 0.000000, 21.749759
06/30/16_09:00:05, 0.000188, 0.000000, 20.772243
06/30/16_09:00:06, 0.000000, 0.000188, 22.727275
06/30/16_09:00:08, 0.000000, 0.000000, 21.749759
06/30/16_09:00:09, 0.000000, 0.000000, 21.749759
06/30/16_09:00:11, 0.000000, 0.000000, 21.749759
06/30/16_09:00:12, 0.000000, 0.000000, 21.749759
06/30/16_09:00:14, 0.000000, 0.000188, 21.749759
06/30/16_09:00:16, 0.000000, 0.000188, 21.749759
06/30/16_09:00:17, 0.000000, 0.000000, 22.727275
06/30/16_09:00:19, 0.000000, 0.000188, 21.749759
06/30/16_09:00:20, 0.000000, 0.000000, 21.749759
06/30/16_09:00:21, 0.000000, 0.000000, 21.749759
06/30/16_09:00:23, 0.000000, 0.000188, 21.749759
06/30/16_09:00:25, 0.000000, 0.000188, 20.772243
06/30/16_09:00:26, 0.000000, 0.000188, 21.749759
06/30/16_09:00:28, 0.000000, 0.000188, 21.749759
06/30/16_09:00:29, 0.000000, 0.000188, 22.727275
06/30/16_09:00:30, 0.000000, 0.000188, 21.749759
06/30/16_09:00:32, 0.000000, 0.000188, 21.749759
06/30/16_09:00:33, 0.000000, 0.000000, 21.749759
06/30/16_09:00:35, 0.000000, 0.000000, 20.772243
06/30/16_09:00:37, 0.000000, 0.000188, 20.772243
06/30/16_09:00:38, 0.000000, 0.000188, 20.772243
06/30/16_09:00:40, 0.000000, 0.000188, 20.772243
06/30/16_09:00:41, 0.000000, 0.000000, 20.772243
06/30/16_09:00:43, 0.000000, 0.000000, 21.749759
06/30/16_09:00:44, 0.000000, 0.000000, 21.749759
06/30/16_09:00:46, 0.000000, 0.000000, 20.772243
06/30/16_09:00:47, 0.000000, 0.000188, 20.772243
06/30/16_09:00:49, 0.000000, 0.000000, 21.749759
06/30/16_09:00:50, 0.000000, 0.000000, 20.772243
06/30/16_09:00:52, 0.000000, 0.000000, 20.772243
06/30/16_09:00:53, 0.000000, 0.000000, 20.772243
06/30/16_09:00:55, 0.000000, 0.000000, 20.772243
06/30/16_09:00:56, 0.000000, 0.000188, 21.749759
06/30/16_09:00:58, 0.000000, 0.000000, 20.772243
06/30/16_09:00:59, 0.000000, 0.000000, 21.749759
06/30/16_09:01:01, 0.000000, 0.000000, 21.749759
06/30/16_09:01:02, 0.000000, 0.000188, 21.749759
06/30/16_09:01:04, 0.000000, 0.000000, 21.749759
06/30/16_09:01:05, 0.000000, 0.000188, 21.749759
06/30/16_09:01:07, 0.000000, 0.000000, 22.727275
06/30/16_09:01:08, 0.000000, 0.000188, 21.749759
06/30/16_09:01:10, 0.000188, 0.000188, 21.749759
06/30/16_09:01:11, 0.000000, 0.000188, 20.772243
06/30/16_09:01:13, 0.000000, 0.000000, 21.749759
06/30/16_09:01:14, 0.000000, 0.000000, 21.749759
06/30/16_09:01:16, 0.000000, 0.000000, 21.749759
06/30/16_09:01:17, 0.000000, 0.000000, 22.727275
06/30/16_09:01:19, 0.000000, 0.000188, 21.749759
06/30/16_09:01:21, 0.000000, 0.000000, 22.727275
06/30/16_09:01:22, 0.000000, 0.000188, 21.749759
06/30/16_09:01:24, 0.000000, 0.000000, 21.749759
06/30/16_09:01:25, 0.000000, 0.000000, 21.749759
06/30/16_09:01:27, 0.000000, 0.000000, 21.749759
06/30/16_09:01:28, 0.000000, 0.000000, 21.749759
06/30/16_09:01:30, 0.000000, 0.000000, 21.749759
06/30/16_09:01:31, 0.000000, 0.000188, 22.727275
06/30/16_09:01:33, 0.000000, 0.000188, 22.727275
06/30/16_09:01:34, 0.000000, 0.000188, 22.727275
06/30/16_09:01:36, 0.000000, 0.000188, 21.749759
06/30/16_09:01:38, 0.000000, 0.000188, 21.749759
06/30/16_09:01:39, 0.000000, 0.000188, 21.749759
06/30/16_09:01:41, 0.000000, 0.000188, 21.749759
06/30/16_09:01:42, 0.000000, 0.000000, 21.749759
06/30/16_09:01:44, 0.000000, 0.000188, 21.749759
06/30/16_09:01:45, 0.000000, 0.000000, 20.772243
06/30/16_09:01:47, 0.000000, 0.000000, 20.772243
06/30/16_09:01:48, 0.000000, 0.000000, 21.749759
06/30/16_09:01:50, 0.000000, 0.000000, 21.749759
06/30/16_09:01:51, 0.000000, 0.000000, 20.772243
06/30/16_09:01:53, 0.000000, 0.000000, 20.772243
06/30/16_09:01:54, 0.000000, 0.000000, 20.772243
06/30/16_09:01:55, 0.000000, 0.000000, 20.772243
06/30/16_09:01:57, 0.000000, 0.000000, 21.749759
06/30/16_09:01:58, 0.000000, 0.000000, 20.772243
06/30/16_09:02:00, 0.000000, 0.000000, 20.772243
06/30/16_09:02:01, 0.000000, 0.000000, 20.772243
06/30/16_09:02:03, 0.000000, 0.000000, 20.772243
06/30/16_09:02:04, 0.000000, 0.000000, 20.772243
06/30/16_09:02:06, 0.000000, 0.000000, 20.772243
06/30/16_09:02:07, 0.000000, 0.000000, 21.749759
06/30/16_09:02:09, 0.000000, 0.000000, 21.749759
06/30/16_09:02:11, 0.000000, 0.000000, 21.749759
06/30/16_09:02:12, 0.000000, 0.000000, 21.749759
06/30/16_09:02:14, 0.000188, 0.000000, 21.749759
06/30/16_09:02:15, 0.000000, 0.000000, 22.727275
06/30/16_09:02:16, 0.000000, 0.000188, 21.749759
06/30/16_09:02:18, 0.000000, 0.000188, 20.772243
06/30/16_09:02:20, 0.000000, 0.000000, 21.749759
06/30/16_09:02:21, 0.000000, 0.000000, 21.749759
06/30/16_09:02:23, 0.000000, 0.000000, 21.749759
06/30/16_09:02:24, 0.000000, 0.000188, 21.749759
06/30/16_09:02:26, 0.000000, 0.000000, 20.772243
06/30/16_09:02:27, 0.000000, 0.000000, 21.749759
06/30/16_09:02:29, 0.000000, 0.000188, 21.749759
06/30/16_09:02:31, 0.000000, 0.000000, 20.772243
06/30/16_09:02:32, 0.000000, 0.000000, 20.772243
06/30/16_09:02:34, 0.000000, 0.000000, 21.749759
06/30/16_09:02:35, 0.000000, 0.000188, 21.749759
06/30/16_09:02:36, 0.000000, 0.000000, 21.749759
06/30/16_09:02:38, 0.000000, 0.000188, 20.772243
06/30/16_09:02:40, 0.000000, 0.000000, 21.749759
06/30/16_09:02:41, 0.000000, 0.000188, 22.727275
06/30/16_09:02:43, 0.000000, 0.000000, 20.772243
06/30/16_09:02:44, 0.000000, 0.000000, 20.772243
06/30/16_09:02:45, 0.000000, 0.000000, 20.772243
06/30/16_09:02:47, 0.000000, 0.000000, 21.749759
06/30/16_09:02:48, 0.000000, 0.000000, 21.749759
06/30/16_09:02:50, 0.000000, 0.000000, 21.749759
06/30/16_09:02:51, 0.000000, 0.000188, 21.749759
06/30/16_09:02:53, 0.000000, 0.000000, 22.727275
06/30/16_09:02:54, 0.000000, 0.000000, 23.704792
06/30/16_09:02:56, 0.000000, 0.000188, 22.727275
06/30/16_09:02:57, 0.000000, 0.000000, 21.749759
06/30/16_09:02:59, 0.000000, 0.000000, 20.772243
06/30/16_09:03:01, 0.000000, 0.000000, 20.772243
06/30/16_09:03:02, 0.000000, 0.000000, 21.749759
06/30/16_09:03:04, 0.000000, 0.000000, 20.772243
06/30/16_09:03:05, 0.000000, 0.000000, 21.749759
06/30/16_09:03:07, 0.000000, 0.000000, 21.749759
06/30/16_09:03:09, 0.000000, 0.000188, 20.772243
06/30/16_09:03:10, 0.000000, 0.000188, 21.749759
06/30/16_09:03:12, 0.000000, 0.000000, 22.727275
06/30/16_09:03:13, 0.000188, 0.000000, 22.727275
06/30/16_09:03:15, 0.000000, 0.000000, 22.727275
06/30/16_09:03:16, 0.000000, 0.000188, 23.704792
06/30/16_09:03:18, 0.000000, 0.000188, 22.727275
06/30/16_09:03:19, 0.000000, 0.000188, 23.704792
06/30/16_09:03:21, 0.000000, 0.000000, 24.682308
06/30/16_09:03:22, 0.000000, 0.000000, 22.727275
06/30/16_09:03:23, 0.000000, 0.000000, 23.704792
06/30/16_09:03:25, 0.000000, 0.000000, 23.704792
06/30/16_09:03:26, 0.000000, 0.000188, 22.727275
06/30/16_09:03:28, 0.000000, 0.000000, 23.704792
06/30/16_09:03:29, 0.000000, 0.000000, 22.727275
06/30/16_09:03:31, 0.000000, 0.000000, 22.727275
06/30/16_09:03:32, 0.000188, 0.000188, 21.749759
06/30/16_09:03:34, 0.000000, 0.000000, 22.727275
06/30/16_09:03:36, 0.000000, 0.000188, 22.727275
06/30/16_09:03:37, 0.000188, 0.000188, 21.749759
06/30/16_09:03:39, 0.000000, 0.000188, 21.749759
06/30/16_09:03:40, 0.000000, 0.000000, 20.772243
06/30/16_09:03:42, 0.000000, 0.000188, 21.749759
06/30/16_09:03:43, 0.000000, 0.000188, 20.772243
06/30/16_09:03:45, 0.000000, 0.000000, 20.772243
06/30/16_09:03:46, 0.000000, 0.000000, 20.772243
06/30/16_09:03:48, 0.000000, 0.000000, 21.749759
06/30/16_09:03:50, 0.000000, 0.000000, 21.749759
06/30/16_09:03:51, 0.000000, 0.000000, 21.749759
06/30/16_09:03:52, 0.000000, 0.000000, 20.772243
06/30/16_09:03:54, 0.000000, 0.000000, 20.772243
06/30/16_09:03:55, 0.000000, 0.000000, 20.772243
06/30/16_09:03:57, 0.000000, 0.000000, 21.749759
06/30/16_09:03:59, 0.000000, 0.000000, 20.772243
06/30/16_09:04:00, 0.000000, 0.000000, 21.749759
06/30/16_09:04:02, 0.000000, 0.000000, 21.749759
06/30/16_09:04:03, 0.000000, 0.000188, 21.749759
06/30/16_09:04:05, 0.000000, 0.000000, 20.772243
06/30/16_09:04:06, 0.000000, 0.000000, 21.749759
06/30/16_09:04:07, 0.000000, 0.000000, 22.727275
06/30/16_09:04:09, 0.000000, 0.000000, 21.749759
06/30/16_09:04:10, 0.000000, 0.000000, 20.772243
06/30/16_09:04:12, 0.000000, 0.000000, 20.772243
06/30/16_09:04:13, 0.000000, 0.000000, 21.749759
06/30/16_09:04:15, 0.000000, 0.000000, 20.772243
06/30/16_09:04:16, 0.000000, 0.000000, 21.749759
06/30/16_09:04:18, 0.000000, 0.000188, 21.749759
06/30/16_09:04:19, 0.000000, 0.000000, 20.772243
06/30/16_09:04:21, 0.000000, 0.000000, 21.749759
06/30/16_09:04:22, 0.000000, 0.000000, 21.749759
06/30/16_09:04:24, 0.000000, 0.000000, 21.749759
06/30/16_09:04:26, 0.000000, 0.000000, 19.794727
06/30/16_09:04:27, 0.000000, 0.000000, 19.794727
06/30/16_09:04:29, 0.000000, 0.000000, 19.794727
06/30/16_09:04:30, 0.000000, 0.000000, 21.749759
06/30/16_09:04:32, 0.000000, 0.000188, 21.749759
06/30/16_09:04:33, 0.000000, 0.000000, 21.749759
06/30/16_09:04:35, 0.000000, 0.000000, 22.727275
06/30/16_09:04:36, 0.000000, 0.000188, 20.772243
06/30/16_09:04:38, 0.000000, 0.000188, 22.727275
06/30/16_09:04:39, 0.000000, 0.000188, 21.749759
06/30/16_09:04:41, 0.000000, 0.000000, 20.772243
06/30/16_09:04:42, 0.000000, 0.000188, 21.749759
06/30/16_09:04:44, 0.000000, 0.000000, 22.727275
06/30/16_09:04:45, 0.000000, 0.000188, 22.727275
06/30/16_09:04:47, 0.000000, 0.000188, 22.727275
06/30/16_09:04:48, 0.000000, 0.000188, 22.727275
06/30/16_09:04:50, 0.000000, 0.000188, 22.727275
06/30/16_09:04:51, 0.000000, 0.000000, 22.727275
06/30/16_09:04:53, 0.000000, 0.000000, 21.749759
06/30/16_09:04:54, 0.000000, 0.000000, 22.727275
06/30/16_09:04:56, 0.000000, 0.000000, 22.727275
06/30/16_09:04:57, 0.000000, 0.000000, 21.749759
06/30/16_09:04:59, 0.000000, 0.000188, 22.727275
06/30/16_09:05:00, 0.000000, 0.000000, 22.727275
06/30/16_09:05:01, 0.000000, 0.000000, 21.749759
06/30/16_09:05:03, 0.000000, 0.000000, 21.749759
06/30/16_09:05:04, 0.000000, 0.000000, 21.749759
06/30/16_09:05:06, 0.000000, 0.000000, 20.772243
06/30/16_09:05:07, 0.000000, 0.000000, 20.772243
06/30/16_09:05:09, 0.000000, 0.000000, 20.772243
06/30/16_09:05:10, 0.000000, 0.000000, 20.772243
06/30/16_09:05:12, 0.000000, 0.000000, 21.749759
06/30/16_09:05:13, 0.000000, 0.000000, 20.772243
06/30/16_09:05:15, 0.000000, 0.000000, 21.749759
06/30/16_09:05:16, 0.000000, 0.000000, 20.772243
06/30/16_09:05:18, 0.000000, 0.000000, 21.749759
06/30/16_09:05:19, 0.000000, 0.000000, 20.772243
06/30/16_09:05:21, 0.000000, 0.000000, 20.772243
06/30/16_09:05:22, 0.000000, 0.000188, 20.772243
06/30/16_09:05:24, 0.000000, 0.000000, 20.772243
06/30/16_09:05:25, 0.000000, 0.000000, 20.772243
06/30/16_09:05:27, 0.000000, 0.000188, 20.772243
06/30/16_09:05:29, 0.000000, 0.000000, 20.772243
06/30/16_09:05:30, 0.000000, 0.000000, 21.749759
06/30/16_09:05:32, 0.000000, 0.000000, 21.749759
06/30/16_09:05:33, 0.000000, 0.000000, 21.749759
06/30/16_09:05:35, 0.000000, 0.000188, 21.749759
06/30/16_09:05:36, 0.000000, 0.000000, 18.817211
06/30/16_09:05:38, 0.000000, 0.000188, 21.749759
06/30/16_09:05:39, 0.000000, 0.000000, 21.749759
06/30/16_09:05:41, 0.000000, 0.000188, 23.704792
06/30/16_09:05:42, 0.000000, 0.000188, 23.704792
06/30/16_09:05:44, 0.000000, 0.000188, 22.727275
06/30/16_09:05:45, 0.000000, 0.000188, 22.727275
06/30/16_09:05:47, 0.000000, 0.000000, 22.727275
06/30/16_09:05:48, 0.000000, 0.000000, 22.727275
06/30/16_09:05:50, 0.000000, 0.000000, 23.704792
06/30/16_09:05:51, 0.000000, 0.000000, 22.727275
06/30/16_09:05:53, 0.000000, 0.000000, 21.749759
06/30/16_09:05:54, 0.000000, 0.000000, 21.749759
06/30/16_09:05:56, 0.000000, 0.000000, 21.749759
06/30/16_09:05:58, 0.000000, 0.000000, 21.749759
06/30/16_09:05:59, 0.000000, 0.000000, 20.772243
06/30/16_09:06:01, 0.000000, 0.000000, 19.794727
06/30/16_09:06:02, 0.000000, 0.000188, 20.772243
06/30/16_09:06:04, 0.000000, 0.000188, 19.794727
06/30/16_09:06:05, 0.000000, 0.000188, 20.772243
06/30/16_09:06:06, 0.000000, 0.000188, 20.772243
06/30/16_09:06:08, 0.000000, 0.000188, 20.772243
06/30/16_09:06:10, 0.000188, 0.000188, 21.749759
06/30/16_09:06:11, 0.000000, 0.000000, 21.749759
06/30/16_09:06:12, 0.000000, 0.000000, 20.772243
06/30/16_09:06:14, 0.000000, 0.000000, 21.749759
06/30/16_09:06:15, 0.000000, 0.000000, 21.749759
06/30/16_09:06:17, 0.000000, 0.000188, 21.749759
06/30/16_09:06:18, 0.000000, 0.000188, 20.772243
06/30/16_09:06:20, 0.000000, 0.000000, 21.749759
06/30/16_09:06:21, 0.000000, 0.000000, 21.749759
06/30/16_09:06:23, 0.000000, 0.000000, 20.772243
06/30/16_09:06:24, 0.000000, 0.000000, 21.749759
06/30/16_09:06:26, 0.000000, 0.000000, 22.727275
06/30/16_09:06:27, 0.000000, 0.000000, 21.749759
06/30/16_09:06:29, 0.000000, 0.000000, 20.772243
06/30/16_09:06:31, 0.000000, 0.000000, 22.727275
06/30/16_09:06:32, 0.000000, 0.000000, 21.749759
06/30/16_09:06:33, 0.000000, 0.000000, 21.749759
06/30/16_09:06:35, 0.000000, 0.000000, 22.727275
06/30/16_09:06:37, 0.000000, 0.000000, 21.749759
06/30/16_09:06:38, 0.000000, 0.000000, 21.749759
06/30/16_09:06:39, 0.000000, 0.000000, 20.772243
06/30/16_09:06:41, 0.000000, 0.000000, 20.772243
06/30/16_09:06:42, 0.000000, 0.000000, 21.749759
06/30/16_09:06:44, 0.000000, 0.000000, 21.749759
06/30/16_09:06:45, 0.000000, 0.000000, 21.749759
06/30/16_09:06:47, 0.000000, 0.000000, 21.749759
06/30/16_09:06:48, 0.000000, 0.000000, 21.749759
06/30/16_09:06:50, 0.000000, 0.000000, 21.749759
06/30/16_09:06:51, 0.000000, 0.000000, 21.749759
06/30/16_09:06:53, 0.000000, 0.000188, 20.772243
06/30/16_09:06:54, 0.000000, 0.000000, 21.749759
06/30/16_09:06:56, 0.000000, 0.000000, 21.749759
06/30/16_09:06:57, 0.000000, 0.000000, 22.727275
06/30/16_09:06:59, 0.000000, 0.000000, 22.727275
06/30/16_09:07:00, 0.000000, 0.000000, 21.749759
06/30/16_09:07:02, 0.000000, 0.000000, 22.727275
06/30/16_09:07:03, 0.000000, 0.000000, 22.727275
06/30/16_09:07:05, 0.000000, 0.000000, 21.749759
06/30/16_09:07:06, 0.000000, 0.000000, 21.749759
06/30/16_09:07:08, 0.000000, 0.000000, 21.749759
06/30/16_09:07:09, 0.000000, 0.000000, 19.794727
06/30/16_09:07:11, 0.000000, 0.000000, 19.794727
06/30/16_09:07:12, 0.000000, 0.000000, 20.772243
06/30/16_09:07:14, 0.000000, 0.000000, 19.794727
06/30/16_09:07:16, 0.000000, 0.000000, 20.772243
06/30/16_09:07:17, 0.000000, 0.000000, 20.772243
06/30/16_09:07:19, 0.000000, 0.000000, 22.727275
06/30/16_09:07:20, 0.000000, 0.000000, 21.749759
06/30/16_09:07:21, 0.000000, 0.000000, 20.772243
06/30/16_09:07:23, 0.000000, 0.000188, 20.772243
06/30/16_09:07:24, 0.000000, 0.000000, 20.772243
06/30/16_09:07:26, 0.000000, 0.000000, 20.772243
06/30/16_09:07:28, 0.000000, 0.000000, 20.772243
06/30/16_09:07:29, 0.000000, 0.000000, 20.772243
06/30/16_09:07:30, 0.000000, 0.000000, 19.794727
06/30/16_09:07:32, 0.000000, 0.000188, 19.794727
06/30/16_09:07:34, 0.000000, 0.000188, 21.749759
06/30/16_09:07:35, 0.000000, 0.000000, 20.772243
06/30/16_09:07:37, 0.000188, 0.000000, 20.772243
06/30/16_09:07:38, 0.000000, 0.000000, 21.749759
06/30/16_09:07:40, 0.000000, 0.000000, 20.772243
06/30/16_09:07:41, 0.000000, 0.000000, 20.772243
06/30/16_09:07:43, 0.000000, 0.000000, 19.794727
06/30/16_09:07:44, 0.000000, 0.000000, 21.749759
06/30/16_09:07:46, 0.000000, 0.000000, 20.772243
06/30/16_09:07:47, 0.000000, 0.000000, 21.749759
06/30/16_09:07:49, 0.000000, 0.000000, 20.772243
06/30/16_09:07:50, 0.000000, 0.000000, 20.772243
06/30/16_09:07:52, 0.000000, 0.000000, 21.749759
06/30/16_09:07:54, 0.000000, 0.000000, 20.772243
06/30/16_09:07:55, 0.000000, 0.000000, 20.772243
06/30/16_09:07:56, 0.000000, 0.000000, 19.794727
06/30/16_09:07:58, 0.000000, 0.000000, 19.794727
06/30/16_09:08:00, 0.000000, 0.000000, 20.772243
06/30/16_09:08:01, 0.000000, 0.000000, 19.794727
06/30/16_09:08:03, 0.000000, 0.000000, 20.772243
06/30/16_09:08:04, 0.000000, 0.000000, 20.772243
06/30/16_09:08:06, 0.000000, 0.000000, 20.772243
06/30/16_09:08:07, 0.000000, 0.000000, 20.772243
06/30/16_09:08:08, 0.000000, 0.000000, 21.749759
06/30/16_09:08:10, 0.000000, 0.000000, 20.772243
06/30/16_09:08:12, 0.000000, 0.000000, 21.749759
06/30/16_09:08:13, 0.000000, 0.000000, 19.794727
06/30/16_09:08:15, 0.000000, 0.000000, 20.772243
06/30/16_09:08:16, 0.000000, 0.000000, 21.749759
06/30/16_09:08:18, 0.000000, 0.000000, 21.749759
06/30/16_09:08:19, 0.000000, 0.000000, 21.749759
06/30/16_09:08:21, 0.000000, 0.000000, 20.772243
06/30/16_09:08:22, 0.000000, 0.000000, 19.794727
06/30/16_09:08:24, 0.000000, 0.000000, 20.772243
06/30/16_09:08:25, 0.000000, 0.000000, 20.772243
06/30/16_09:08:27, 0.000000, 0.000000, 19.794727
06/30/16_09:08:28, 0.000000, 0.000000, 20.772243
06/30/16_09:08:30, 0.000000, 0.000000, 20.772243
06/30/16_09:08:31, 0.000000, 0.000000, 20.772243
06/30/16_09:08:33, 0.000000, 0.000000, 19.794727
06/30/16_09:08:34, 0.000000, 0.000000, 20.772243
06/30/16_09:08:36, 0.000000, 0.000000, 20.772243
06/30/16_09:08:37, 0.000000, 0.000000, 20.772243
06/30/16_09:08:38, 0.000000, 0.000000, 20.772243
06/30/16_09:08:40, 0.000000, 0.000000, 20.772243
06/30/16_09:08:41, 0.000000, 0.000000, 20.772243
06/30/16_09:08:43, 0.000000, 0.000000, 19.794727
06/30/16_09:08:44, 0.000000, 0.000000, 19.794727
06/30/16_09:08:46, 0.000000, 0.000000, 20.772243
06/30/16_09:08:47, 0.000000, 0.000000, 20.772243
06/30/16_09:08:49, 0.000000, 0.000000, 19.794727
06/30/16_09:08:51, 0.000000, 0.000000, 19.794727
06/30/16_09:08:52, 0.000000, 0.000000, 20.772243
06/30/16_09:08:54, 0.000000, 0.000000, 19.794727
06/30/16_09:08:55, 0.000000, 0.000000, 19.794727
06/30/16_09:08:57, 0.000000, 0.000000, 20.772243
06/30/16_09:08:58, 0.000188, 0.000000, 20.772243
06/30/16_09:09:00, 0.000188, 0.000000, 19.794727
06/30/16_09:09:01, 0.000188, 0.000000, 19.794727
06/30/16_09:09:03, 0.000188, 0.000000, 19.794727
06/30/16_09:09:04, 0.000188, 0.000000, 18.817211
06/30/16_09:09:06, 0.000188, 0.000000, 19.794727
06/30/16_09:09:07, 0.000188, 0.000000, 19.794727
06/30/16_09:09:09, 0.000000, 0.000000, 20.772243
06/30/16_09:09:10, 0.000188, 0.000000, 19.794727
06/30/16_09:09:12, 0.000188, 0.000000, 19.794727
06/30/16_09:09:13, 0.000000, 0.000000, 18.817211
06/30/16_09:09:15, 0.000000, 0.000000, 19.794727
06/30/16_09:09:16, 0.000188, 0.000000, 18.817211
06/30/16_09:09:18, 0.000188, 0.000000, 19.794727
06/30/16_09:09:19, 0.000188, 0.000000, 19.794727
06/30/16_09:09:21, 0.000000, 0.000000, 19.794727
06/30/16_09:09:22, 0.000000, 0.000000, 18.817211
06/30/16_09:09:24, 0.000000, 0.000000, 19.794727
06/30/16_09:09:25, 0.000000, 0.000000, 18.817211
06/30/16_09:09:27, 0.000000, 0.000000, 20.772243
06/30/16_09:09:28, 0.000000, 0.000000, 18.817211
06/30/16_09:09:30, 0.000000, 0.000000, 20.772243
06/30/16_09:09:31, 0.000000, 0.000000, 19.794727
06/30/16_09:09:33, 0.000000, 0.000000, 20.772243
06/30/16_09:09:34, 0.000000, 0.000000, 21.749759
06/30/16_09:09:36, 0.000000, 0.000000, 21.749759
06/30/16_09:09:37, 0.000000, 0.000000, 21.749759
06/30/16_09:09:39, 0.000000, 0.000000, 20.772243
06/30/16_09:09:41, 0.000000, 0.000000, 19.794727
06/30/16_09:09:42, 0.000000, 0.000000, 20.772243
06/30/16_09:09:44, 0.000000, 0.000000, 20.772243
06/30/16_09:09:45, 0.000000, 0.000000, 21.749759
06/30/16_09:09:47, 0.000000, 0.000000, 19.794727
06/30/16_09:09:48, 0.000000, 0.000000, 20.772243
06/30/16_09:09:50, 0.000000, 0.000000, 18.817211
06/30/16_09:09:51, 0.000000, 0.000000, 19.794727
06/30/16_09:09:53, 0.000000, 0.000000, 18.817211
06/30/16_09:09:54, 0.000000, 0.000000, 19.794727
06/30/16_09:09:56, 0.000000, 0.000000, 18.817211
06/30/16_09:09:57, -0.000188, 0.000000, 18.817211
06/30/16_09:09:59, 0.000000, 0.000000, 18.817211
06/30/16_09:10:00, 0.000000, 0.000000, 18.817211
06/30/16_09:10:02, 0.000000, 0.000000, 19.794727
06/30/16_09:10:03, 0.000000, 0.000000, 19.794727
06/30/16_09:10:05, 0.000000, 0.000000, 19.794727
06/30/16_09:10:06, 0.000000, 0.000000, 19.794727
06/30/16_09:10:08, 0.000000, 0.000000, 19.794727
06/30/16_09:10:09, 0.000000, 0.000000, 18.817211
06/30/16_09:10:11, 0.000000, 0.000000, 20.772243
06/30/16_09:10:12, 0.000000, 0.000000, 20.772243
06/30/16_09:10:14, 0.000000, 0.000000, 20.772243
06/30/16_09:10:16, 0.000000, 0.000000, 20.772243
06/30/16_09:10:17, 0.000000, 0.000000, 19.794727
06/30/16_09:10:19, 0.000000, 0.000000, 19.794727
06/30/16_09:10:20, 0.000000, 0.000000, 20.772243
06/30/16_09:10:22, 0.000000, 0.000000, 20.772243
06/30/16_09:10:23, 0.000000, 0.000000, 20.772243
06/30/16_09:10:24, 0.000000, 0.000000, 19.794727
06/30/16_09:10:26, 0.000000, 0.000000, 19.794727
06/30/16_09:10:28, 0.000000, 0.000000, 20.772243
06/30/16_09:10:29, 0.000000, 0.000000, 20.772243
06/30/16_09:10:31, 0.000000, 0.000000, 16.862178
06/30/16_09:10:32, 0.000000, 0.000000, 21.749759
06/30/16_09:10:34, 0.000000, 0.000000, 20.772243
06/30/16_09:10:36, 0.000000, 0.000000, 19.794727
06/30/16_09:10:37, 0.000000, 0.000000, 19.794727
06/30/16_09:10:39, 0.000000, 0.000000, 20.772243
06/30/16_09:10:40, 0.000000, 0.000000, 19.794727
06/30/16_09:10:42, 0.000000, 0.000000, 19.794727
06/30/16_09:10:43, -0.000188, 0.000000, 19.794727
06/30/16_09:10:45, 0.000000, 0.000000, 19.794727
06/30/16_09:10:46, 0.000000, 0.000000, 19.794727
06/30/16_09:10:48, 0.000000, 0.000000, 20.772243
06/30/16_09:10:49, 0.000000, 0.000000, 19.794727
06/30/16_09:10:51, 0.000000, 0.000000, 20.772243
06/30/16_09:10:52, 0.000000, 0.000000, 21.749759
06/30/16_09:10:54, 0.000000, 0.000000, 20.772243
06/30/16_09:10:55, 0.000000, 0.000000, 21.749759
06/30/16_09:10:57, 0.000000, 0.000000, 20.772243
06/30/16_09:10:58, 0.000000, 0.000000, 20.772243
06/30/16_09:11:00, 0.000000, 0.000000, 20.772243
06/30/16_09:11:01, 0.000000, 0.000000, 21.749759
06/30/16_09:11:03, 0.000000, 0.000000, 20.772243
06/30/16_09:11:05, 0.000000, 0.000000, 20.772243
06/30/16_09:11:06, 0.000000, 0.000000, 20.772243
06/30/16_09:11:08, 0.000000, 0.000000, 20.772243
06/30/16_09:11:09, 0.000000, 0.000000, 20.772243
06/30/16_09:11:11, 0.000000, 0.000000, 18.817211
06/30/16_09:11:12, 0.000000, 0.000000, 20.772243
06/30/16_09:11:14, 0.000000, 0.000000, 21.749759
06/30/16_09:11:15, 0.000000, 0.000000, 21.749759
06/30/16_09:11:17, 0.000000, 0.000000, 21.749759
06/30/16_09:11:19, 0.000000, 0.000000, 20.772243
06/30/16_09:11:20, 0.000000, 0.000000, 20.772243
06/30/16_09:11:22, 0.000000, 0.000000, 20.772243
06/30/16_09:11:23, 0.000000, 0.000000, 20.772243
06/30/16_09:11:25, 0.000000, 0.000000, 20.772243
06/30/16_09:11:26, 0.000000, 0.000000, 19.794727
06/30/16_09:11:28, 0.000000, 0.000000, 21.749759
06/30/16_09:11:29, 0.000000, 0.000000, 20.772243
06/30/16_09:11:31, 0.000000, 0.000000, 20.772243
06/30/16_09:11:32, 0.000000, 0.000000, 18.817211
06/30/16_09:11:34, 0.000000, 0.000000, 19.794727
06/30/16_09:11:35, 0.000000, 0.000000, 19.794727
06/30/16_09:11:37, 0.000000, 0.000000, 20.772243
06/30/16_09:11:38, 0.000000, 0.000000, 19.794727
06/30/16_09:11:40, 0.000000, 0.000000, 20.772243
06/30/16_09:11:42, 0.000000, 0.000000, 19.794727
06/30/16_09:11:43, 0.000000, 0.000000, 20.772243
06/30/16_09:11:45, 0.000000, 0.000000, 19.794727
06/30/16_09:11:47, 0.000000, 0.000000, 19.794727
06/30/16_09:11:48, 0.000000, 0.000000, 19.794727
06/30/16_09:11:50, 0.000000, 0.000000, 19.794727
06/30/16_09:11:51, 0.000000, 0.000000, 20.772243
06/30/16_09:11:53, 0.000000, 0.000000, 20.772243
06/30/16_09:11:54, 0.000000, 0.000000, 19.794727
06/30/16_09:11:56, 0.000000, 0.000000, 19.794727
06/30/16_09:11:57, 0.000000, 0.000000, 19.794727
06/30/16_09:11:59, 0.000000, 0.000000, 20.772243
06/30/16_09:12:01, 0.000000, 0.000000, 19.794727
06/30/16_09:12:02, 0.000000, 0.000000, 19.794727
06/30/16_09:12:04, 0.000000, 0.000000, 19.794727
06/30/16_09:12:05, 0.000000, 0.000000, 18.817211
06/30/16_09:12:07, 0.000000, 0.000000, 20.772243
06/30/16_09:12:08, 0.000000, 0.000000, 19.794727
06/30/16_09:12:10, 0.000000, 0.000000, 19.794727
06/30/16_09:12:11, 0.000000, 0.000000, 19.794727
06/30/16_09:12:13, 0.000000, 0.000000, 19.794727
06/30/16_09:12:14, 0.000000, 0.000000, 20.772243
06/30/16_09:12:16, 0.000000, 0.000000, 20.772243
06/30/16_09:12:17, 0.000000, 0.000000, 20.772243
06/30/16_09:12:19, 0.000000, 0.000000, 20.772243
06/30/16_09:12:21, 0.000000, 0.000000, 19.794727
06/30/16_09:12:22, 0.000000, 0.000000, 19.794727
06/30/16_09:12:24, 0.000000, 0.000000, 19.794727
06/30/16_09:12:25, 0.000000, 0.000000, 21.749759
06/30/16_09:12:27, 0.000000, 0.000000, 20.772243
06/30/16_09:12:28, 0.000000, 0.000000, 19.794727
06/30/16_09:12:30, 0.000000, 0.000000, 19.794727
06/30/16_09:12:31, 0.000000, 0.000000, 20.772243
06/30/16_09:12:33, 0.000000, 0.000000, 20.772243
06/30/16_09:12:34, 0.000000, 0.000000, 20.772243
06/30/16_09:12:36, 0.000000, 0.000000, 19.794727
06/30/16_09:12:38, 0.000000, 0.000000, 19.794727
06/30/16_09:12:39, 0.000000, 0.000000, 20.772243
06/30/16_09:12:41, 0.000000, 0.000000, 21.749759
06/30/16_09:12:42, 0.000000, 0.000000, 20.772243
06/30/16_09:12:44, 0.000000, 0.000000, 21.749759
06/30/16_09:12:45, 0.000000, 0.000000, 21.749759
06/30/16_09:12:47, 0.000000, 0.000000, 20.772243
06/30/16_09:12:48, 0.000000, 0.000000, 20.772243
06/30/16_09:12:50, 0.000000, 0.000000, 19.794727
06/30/16_09:12:51, 0.000000, 0.000000, 20.772243
06/30/16_09:12:53, 0.000000, 0.000000, 20.772243
06/30/16_09:12:55, 0.000000, 0.000000, 19.794727
06/30/16_09:12:56, 0.000000, 0.000000, 19.794727
06/30/16_09:12:58, 0.000000, 0.000000, 20.772243
06/30/16_09:13:00, 0.000000, 0.000000, 19.794727
06/30/16_09:13:01, 0.000000, 0.000000, 20.772243
06/30/16_09:13:03, 0.000000, 0.000000, 19.794727
06/30/16_09:13:05, 0.000000, 0.000000, 20.772243
06/30/16_09:13:06, 0.000000, 0.000000, 20.772243
06/30/16_09:13:08, 0.000000, 0.000000, 19.794727
06/30/16_09:13:09, 0.000000, 0.000000, 19.794727
06/30/16_09:13:11, 0.000000, 0.000000, 19.794727
06/30/16_09:13:12, 0.000000, 0.000000, 19.794727
06/30/16_09:13:14, 0.000000, 0.000000, 18.817211
06/30/16_09:13:15, 0.000000, 0.000000, 18.817211
06/30/16_09:13:17, 0.000000, 0.000000, 19.794727
06/30/16_09:13:18, 0.000000, 0.000000, 19.794727
06/30/16_09:13:20, 0.000000, 0.000000, 18.817211
06/30/16_09:13:21, 0.000000, 0.000000, 17.839694
06/30/16_09:13:23, 0.000000, 0.000000, 19.794727
06/30/16_09:13:24, 0.000000, 0.000000, 19.794727
06/30/16_09:13:26, 0.000000, 0.000000, 19.794727
06/30/16_09:13:27, 0.000000, 0.000000, 19.794727
06/30/16_09:13:29, 0.000000, 0.000000, 20.772243
06/30/16_09:13:30, 0.000000, 0.000000, 19.794727
06/30/16_09:13:32, 0.000000, 0.000000, 19.794727
06/30/16_09:13:33, 0.000000, 0.000000, 19.794727
06/30/16_09:13:35, 0.000000, 0.000000, 19.794727
06/30/16_09:13:36, 0.000000, 0.000000, 20.772243
06/30/16_09:13:38, 0.000000, 0.000000, 19.794727
06/30/16_09:13:39, 0.000000, 0.000000, 19.794727
06/30/16_09:13:41, 0.000000, 0.000000, 20.772243
06/30/16_09:13:42, 0.000000, 0.000000, 21.749759
06/30/16_09:13:44, 0.000000, 0.000000, 20.772243
06/30/16_09:13:45, 0.000000, 0.000000, 21.749759
06/30/16_09:13:47, 0.000000, 0.000000, 20.772243
06/30/16_09:13:48, 0.000000, 0.000000, 21.749759
06/30/16_09:13:50, 0.000000, 0.000000, 20.772243
06/30/16_09:13:51, 0.000000, 0.000000, 19.794727
06/30/16_09:13:53, 0.000000, 0.000000, 20.772243
06/30/16_09:13:54, 0.000000, 0.000000, 19.794727
06/30/16_09:13:56, 0.000000, 0.000000, 21.749759
06/30/16_09:13:57, 0.000000, 0.000000, 19.794727
06/30/16_09:13:59, 0.000000, 0.000000, 19.794727
06/30/16_09:14:00, 0.000000, 0.000000, 19.794727
06/30/16_09:14:02, 0.000000, 0.000000, 21.749759
06/30/16_09:14:04, 0.000000, 0.000000, 21.749759
06/30/16_09:14:05, 0.000000, 0.000000, 21.749759
06/30/16_09:14:07, 0.000000, 0.000000, 22.727275
06/30/16_09:14:08, 0.000000, 0.000000, 21.749759
06/30/16_09:14:10, 0.000000, 0.000000, 20.772243
06/30/16_09:14:11, 0.000000, 0.000000, 19.794727
06/30/16_09:14:13, 0.000000, 0.000000, 20.772243
06/30/16_09:14:14, 0.000000, 0.000000, 22.727275
06/30/16_09:14:15, 0.000000, 0.000188, 21.749759
06/30/16_09:14:17, 0.000000, 0.000000, 22.727275
06/30/16_09:14:19, 0.000000, 0.000188, 20.772243
06/30/16_09:14:20, 0.000000, 0.000000, 20.772243
06/30/16_09:14:22, 0.000000, 0.000000, 20.772243
06/30/16_09:14:23, 0.000000, 0.000000, 19.794727
06/30/16_09:14:25, 0.000000, -0.000188, 20.772243
06/30/16_09:14:26, 0.000000, 0.000000, 20.772243
06/30/16_09:14:27, 0.000188, 0.000000, 21.749759
06/30/16_09:14:29, 0.000000, 0.000000, 21.749759
06/30/16_09:14:30, 0.000000, 0.000000, 21.749759
06/30/16_09:14:32, 0.000000, -0.000188, 21.749759
06/30/16_09:14:33, 0.000000, -0.000188, 19.794727
06/30/16_09:14:35, 0.000000, -0.000188, 18.817211
06/30/16_09:14:36, 0.000000, 0.000000, 19.794727
06/30/16_09:14:38, 0.000000, 0.000000, 20.772243
06/30/16_09:14:39, 0.000000, 0.000000, 22.727275
06/30/16_09:14:41, 0.000000, 0.000000, 21.749759
06/30/16_09:14:42, 0.000000, 0.000000, 22.727275
06/30/16_09:14:44, 0.000000, 0.000000, 22.727275
06/30/16_09:14:45, 0.000000, 0.000000, 21.749759
06/30/16_09:14:47, 0.000188, 0.000000, 24.682308
06/30/16_09:14:48, 0.000000, 0.000000, 24.682308
06/30/16_09:14:49, 0.000000, 0.000000, 23.704792
06/30/16_09:14:51, 0.000000, 0.000000, 21.749759
06/30/16_09:14:52, 0.000000, 0.000000, 23.704792
