Time, HF1, HF2, TC1
06/27/16_11:01:24, 0.000000, 0.000000, 312.072326
06/27/16_11:01:25, 0.000000, 0.000000, 335.532775
06/27/16_11:01:27, 0.000000, 0.000000, 391.251251
06/27/16_11:01:28, 0.000000, 0.000000, 398.093841
06/27/16_11:01:30, 0.000000, 0.000000, 358.015655
06/27/16_11:01:31, 0.000000, 0.000000, 391.251251
06/27/16_11:01:33, 0.000000, 0.000000, 385.386138
06/27/16_11:01:35, 0.000000, 0.000000, 380.498565
06/27/16_11:01:36, 0.000000, 0.000000, 355.083099
06/27/16_11:01:38, 0.000000, 0.000000, 356.060607
06/27/16_11:01:39, 0.000000, 0.000000, 329.667663
06/27/16_11:01:41, 0.000000, 0.000000, 314.027374
06/27/16_11:01:42, 0.000000, 0.000000, 312.072326
06/27/16_11:01:44, 0.000000, 0.000000, 315.004882
06/27/16_11:01:46, 0.000000, 0.000000, 308.162261
06/27/16_11:01:47, 0.000000, 0.000000, 294.477050
06/27/16_11:01:49, 0.000000, 0.000000, 313.049835
06/27/16_11:01:50, 0.000000, 0.000000, 288.611938
06/27/16_11:01:52, 0.000000, 0.000000, 289.589447
06/27/16_11:01:53, 0.000000, 0.000000, 274.926666
06/27/16_11:01:55, 0.000000, 0.000000, 268.084045
06/27/16_11:01:56, 0.000000, 0.000000, 266.129028
06/27/16_11:01:58, 0.000000, 0.000000, 255.376342
06/27/16_11:01:59, 0.000000, 0.000000, 255.376342
06/27/16_11:02:01, 0.000000, 0.000000, 261.241455
06/27/16_11:02:02, 0.000000, 0.000000, 240.713607
06/27/16_11:02:04, 0.000000, 0.000000, 236.803543
06/27/16_11:02:05, 0.000000, 0.000000, 254.398834
06/27/16_11:02:07, 0.000000, 0.000000, 251.466278
06/27/16_11:02:08, 0.000000, 0.000000, 248.533737
06/27/16_11:02:10, 0.000000, 0.000000, 285.679382
06/27/16_11:02:11, 0.000000, 0.000000, 246.578704
06/27/16_11:02:13, 0.000000, 0.000000, 253.421310
06/27/16_11:02:14, 0.000000, 0.000000, 264.173980
06/27/16_11:02:16, 0.000000, 0.000000, 255.376342
06/27/16_11:02:17, 0.000000, 0.000000, 242.668640
06/27/16_11:02:19, 0.000000, 0.000000, 317.937438
06/27/16_11:02:20, 0.000000, 0.000000, 268.084045
06/27/16_11:02:22, 0.000000, 0.000000, 252.443801
06/27/16_11:02:23, 0.000000, 0.000000, 238.758575
06/27/16_11:02:25, 0.000000, 0.000000, 221.163223
06/27/16_11:02:26, 0.000000, 0.000000, 222.140747
06/27/16_11:02:28, 0.000000, 0.000000, 213.343093
06/27/16_11:02:29, 0.000000, 0.000000, 211.388061
06/27/16_11:02:31, 0.000000, 0.000000, 239.736083
06/27/16_11:02:33, 0.000000, 0.000000, 227.028381
06/27/16_11:02:34, 0.000000, 0.000000, 215.298126
06/27/16_11:02:36, 0.000000, 0.000000, 211.388061
06/27/16_11:02:37, 0.000000, 0.000000, 211.388061
06/27/16_11:02:39, 0.000000, 0.000000, 202.590423
06/27/16_11:02:40, 0.000000, 0.000000, 208.455520
06/27/16_11:02:42, 0.000000, 0.000000, 204.545455
06/27/16_11:02:43, 0.000000, 0.000000, 199.657867
06/27/16_11:02:45, 0.000000, 0.000000, 190.860229
06/27/16_11:02:47, 0.000000, 0.000000, 184.995132
06/27/16_11:02:48, 0.000000, 0.000000, 184.995132
06/27/16_11:02:50, 0.000000, 0.000000, 182.062576
06/27/16_11:02:51, 0.000000, 0.000000, 182.062576
06/27/16_11:02:53, 0.000000, 0.000000, 204.545455
06/27/16_11:02:54, 0.000000, 0.000000, 192.815261
06/27/16_11:02:56, 0.000000, 0.000000, 197.702835
06/27/16_11:02:58, 0.000000, 0.000000, 227.028381
06/27/16_11:02:59, 0.000000, 0.000000, 220.185714
06/27/16_11:03:01, 0.000000, 0.000000, 209.433029
06/27/16_11:03:03, 0.000000, 0.000000, 214.320617
06/27/16_11:03:04, 0.000000, 0.000000, 230.938446
06/27/16_11:03:06, 0.000000, 0.000000, 225.073287
06/27/16_11:03:07, 0.000000, 0.000000, 219.208190
06/27/16_11:03:09, 0.000000, 0.000000, 222.140747
06/27/16_11:03:10, 0.000000, 0.000000, 222.140747
06/27/16_11:03:12, 0.000000, 0.000000, 215.298126
06/27/16_11:03:14, 0.000000, 0.000000, 205.522964
06/27/16_11:03:15, 0.000000, 0.000000, 195.747802
06/27/16_11:03:17, 0.000000, 0.000000, 188.905197
06/27/16_11:03:18, 0.000000, 0.000000, 180.107543
06/27/16_11:03:20, 0.000000, 0.000000, 174.242401
06/27/16_11:03:21, 0.000000, 0.000000, 180.107543
06/27/16_11:03:23, 0.000000, 0.000000, 175.219924
06/27/16_11:03:25, 0.000000, 0.000000, 221.163223
06/27/16_11:03:26, 0.000000, 0.000000, 223.118255
06/27/16_11:03:28, 0.000000, 0.000000, 231.915954
06/27/16_11:03:29, 0.000000, 0.000000, 207.477996
06/27/16_11:03:31, 0.000000, 0.000000, 223.118255
06/27/16_11:03:32, 0.000000, 0.000000, 215.298126
06/27/16_11:03:34, 0.000000, 0.000000, 216.275650
06/27/16_11:03:35, 0.000000, 0.000000, 211.388061
06/27/16_11:03:37, 0.000000, 0.000000, 205.522964
06/27/16_11:03:38, 0.000000, 0.000000, 208.455520
06/27/16_11:03:40, 0.000000, 0.000000, 206.500488
06/27/16_11:03:41, 0.000000, 0.000000, 206.500488
06/27/16_11:03:43, 0.000000, 0.000000, 210.410552
06/27/16_11:03:45, 0.000000, 0.000000, 734.359741
06/27/16_11:03:46, 0.000000, 0.000000, 736.314819
06/27/16_11:03:48, 0.000000, 0.000000, 736.314819
06/27/16_11:03:49, 0.000000, 0.000000, 737.292297
06/27/16_11:03:51, 0.000000, 0.000000, 737.292297
06/27/16_11:03:53, 0.000000, 0.000000, 737.292297
06/27/16_11:03:54, 0.000000, 0.000000, 737.292297
06/27/16_11:03:55, 0.000000, 0.000000, 737.292297
06/27/16_11:03:57, 0.000000, 0.000000, 737.292297
06/27/16_11:03:59, 0.000000, 0.000000, 737.292297
06/27/16_11:04:00, 0.000000, 0.000000, 737.292297
06/27/16_11:04:02, 0.000000, 0.000000, 737.292297
06/27/16_11:04:03, 0.000000, 0.000000, 738.269836
06/27/16_11:04:05, 0.000000, 0.000000, 737.292297
06/27/16_11:04:07, 0.000000, 0.000000, 738.269836
06/27/16_11:04:08, 0.000000, 0.000000, 737.292297
06/27/16_11:04:10, 0.000000, 0.000000, 737.292297
06/27/16_11:04:11, 0.000000, 0.000000, 737.292297
06/27/16_11:04:13, 0.000000, 0.000000, 737.292297
06/27/16_11:04:14, 0.000000, 0.000000, 737.292297
06/27/16_11:04:16, 0.000000, 0.000000, 204.545455
06/27/16_11:04:17, 0.000000, 0.000000, 194.770294
06/27/16_11:04:19, 0.000000, 0.000000, 191.837738
06/27/16_11:04:20, 0.000000, 0.000188, 197.702835
06/27/16_11:04:22, 0.000000, 0.000000, 182.062576
06/27/16_11:04:24, 0.000000, 0.000000, 178.152511
06/27/16_11:04:25, 0.000000, 0.000000, 175.219924
06/27/16_11:04:27, 0.000000, 0.000000, 175.219924
06/27/16_11:04:29, 0.000000, 0.000000, 166.422271
06/27/16_11:04:30, 0.000000, 0.000000, 164.467239
06/27/16_11:04:32, 0.000000, 0.000000, 162.512207
06/27/16_11:04:33, 0.000000, 0.000000, 164.467239
06/27/16_11:04:35, 0.000000, 0.000000, 165.444763
06/27/16_11:04:36, 0.000000, 0.000000, 161.534698
06/27/16_11:04:38, 0.000000, 0.000000, 163.489730
06/27/16_11:04:39, 0.000000, 0.000000, 160.557174
06/27/16_11:04:41, 0.000000, 0.000000, 161.534698
06/27/16_11:04:42, 0.000000, 0.000000, 172.287368
06/27/16_11:04:44, 0.000000, 0.000000, 159.579666
06/27/16_11:04:46, 0.000000, 0.000000, 160.557174
06/27/16_11:04:47, 0.000000, 0.000000, 158.602142
06/27/16_11:04:49, 0.000000, 0.000000, 155.669601
06/27/16_11:04:50, 0.000000, 0.000000, 155.669601
06/27/16_11:04:52, 0.000000, 0.000000, 154.692077
06/27/16_11:04:53, 0.000000, 0.000000, 154.692077
06/27/16_11:04:55, 0.000000, 0.000000, 153.714569
06/27/16_11:04:56, 0.000000, 0.000000, 145.894439
06/27/16_11:04:58, 0.000000, 0.000000, 146.871948
06/27/16_11:04:59, 0.000000, 0.000000, 148.826980
06/27/16_11:05:01, 0.000000, 0.000000, 145.894439
06/27/16_11:05:02, 0.000000, 0.000000, 141.984375
06/27/16_11:05:04, 0.000000, 0.000000, 141.984375
06/27/16_11:05:06, 0.000000, 0.000000, 141.006851
06/27/16_11:05:07, 0.000000, 0.000000, 142.961883
06/27/16_11:05:09, 0.000000, 0.000000, 141.006851
06/27/16_11:05:10, 0.000000, 0.000000, 140.029342
06/27/16_11:05:12, 0.000000, 0.000000, 137.096771
06/27/16_11:05:14, 0.000000, 0.000000, 135.141738
06/27/16_11:05:15, 0.000000, 0.000000, 135.141738
06/27/16_11:05:17, 0.000000, 0.000000, 132.209182
06/27/16_11:05:18, 0.000000, 0.000000, 131.231674
06/27/16_11:05:20, 0.000000, 0.000000, 130.254150
06/27/16_11:05:21, 0.000000, 0.000000, 129.276641
06/27/16_11:05:23, 0.000000, 0.000000, 126.344085
06/27/16_11:05:25, 0.000000, 0.000000, 125.366569
06/27/16_11:05:26, 0.000000, 0.000000, 123.411537
06/27/16_11:05:28, 0.000000, 0.000000, 124.389053
06/27/16_11:05:29, 0.000000, 0.000000, 143.939407
06/27/16_11:05:31, 0.000000, 0.000000, 132.209182
06/27/16_11:05:33, 0.000000, 0.000000, 130.254150
06/27/16_11:05:34, 0.000000, 0.000000, 129.276641
06/27/16_11:05:36, 0.000000, 0.000000, 127.321601
06/27/16_11:05:37, 0.000000, 0.000000, 125.366569
06/27/16_11:05:39, 0.000000, 0.000000, 125.366569
06/27/16_11:05:40, 0.000000, 0.000000, 125.366569
06/27/16_11:05:42, 0.000000, 0.000000, 127.321601
06/27/16_11:05:43, 0.000000, 0.000000, 125.366569
06/27/16_11:05:45, 0.000000, 0.000000, 125.366569
06/27/16_11:05:46, 0.000000, 0.000000, 124.389053
06/27/16_11:05:48, 0.000000, 0.000000, 123.411537
06/27/16_11:05:49, 0.000000, 0.000000, 122.434020
06/27/16_11:05:51, 0.000000, 0.000000, 117.546440
06/27/16_11:05:52, 0.000000, 0.000000, 125.366569
06/27/16_11:05:54, 0.000000, 0.000000, 123.411537
06/27/16_11:05:55, 0.000000, 0.000000, 120.478988
06/27/16_11:05:57, 0.000000, 0.000000, 120.478988
06/27/16_11:05:59, 0.000000, 0.000000, 118.523956
06/27/16_11:06:00, 0.000000, 0.000000, 118.523956
06/27/16_11:06:02, 0.000000, 0.000000, 117.546440
06/27/16_11:06:03, 0.000000, 0.000000, 117.546440
06/27/16_11:06:05, 0.000000, 0.000000, 116.568923
06/27/16_11:06:06, 0.000000, 0.000000, 115.591407
06/27/16_11:06:08, 0.000000, 0.000000, 115.591407
06/27/16_11:06:09, 0.000000, 0.000000, 116.568923
06/27/16_11:06:11, 0.000000, 0.000000, 114.613891
06/27/16_11:06:12, 0.000000, 0.000000, 113.636375
06/27/16_11:06:14, 0.000000, 0.000000, 112.658836
06/27/16_11:06:15, 0.000000, 0.000000, 112.658836
06/27/16_11:06:17, 0.000000, 0.000000, 110.703804
06/27/16_11:06:18, 0.000000, 0.000000, 110.703804
06/27/16_11:06:20, 0.000000, 0.000000, 110.703804
06/27/16_11:06:22, 0.000000, 0.000000, 109.726287
06/27/16_11:06:23, 0.000000, 0.000000, 109.726287
06/27/16_11:06:25, 0.000000, 0.000000, 109.726287
06/27/16_11:06:26, 0.000000, 0.000000, 108.748771
06/27/16_11:06:28, 0.000000, 0.000000, 108.748771
06/27/16_11:06:29, 0.000000, 0.000000, 108.748771
06/27/16_11:06:31, 0.000000, 0.000000, 107.771255
06/27/16_11:06:32, 0.000000, 0.000000, 107.771255
06/27/16_11:06:34, 0.000000, 0.000000, 106.793739
06/27/16_11:06:35, 0.000000, 0.000000, 106.793739
06/27/16_11:06:37, 0.000000, 0.000000, 106.793739
06/27/16_11:06:39, 0.000000, 0.000000, 106.793739
06/27/16_11:06:41, 0.000000, 0.000000, 106.793739
06/27/16_11:06:42, 0.000000, 0.000000, 106.793739
06/27/16_11:06:44, 0.000000, 0.000000, 105.816223
06/27/16_11:06:46, 0.000000, 0.000000, 106.793739
06/27/16_11:06:47, 0.000000, 0.000000, 107.771255
06/27/16_11:06:48, 0.000000, 0.000000, 118.523956
06/27/16_11:06:50, 0.000000, 0.000000, 109.726287
06/27/16_11:06:51, 0.000000, 0.000000, 107.771255
06/27/16_11:06:53, 0.000000, 0.000000, 107.771255
06/27/16_11:06:55, 0.000000, 0.000000, 108.748771
06/27/16_11:06:56, 0.000000, 0.000000, 106.793739
06/27/16_11:06:58, 0.000000, 0.000000, 116.568923
06/27/16_11:06:59, 0.000000, 0.000000, 117.546440
06/27/16_11:07:01, 0.000000, 0.000000, 116.568923
06/27/16_11:07:02, 0.000000, 0.000000, 116.568923
06/27/16_11:07:04, 0.000000, 0.000000, 115.591407
06/27/16_11:07:05, 0.000000, 0.000000, 115.591407
06/27/16_11:07:07, 0.000000, 0.000000, 114.613891
06/27/16_11:07:08, 0.000000, 0.000000, 114.613891
06/27/16_11:07:10, 0.000000, 0.000000, 114.613891
06/27/16_11:07:11, 0.000000, 0.000000, 115.591407
06/27/16_11:07:13, 0.000000, 0.000000, 114.613891
06/27/16_11:07:14, 0.000000, 0.000000, 117.546440
06/27/16_11:07:16, 0.000000, 0.000000, 112.658836
06/27/16_11:07:17, 0.000000, 0.000000, 108.748771
06/27/16_11:07:19, 0.000000, 0.000000, 106.793739
06/27/16_11:07:21, 0.000000, 0.000000, 104.838706
06/27/16_11:07:22, 0.000000, 0.000000, 103.861190
06/27/16_11:07:24, 0.000000, 0.000000, 103.861190
06/27/16_11:07:25, 0.000000, 0.000000, 102.883674
06/27/16_11:07:28, 0.000000, 0.000000, 101.906158
06/27/16_11:07:29, 0.000000, 0.000000, 100.928642
06/27/16_11:07:31, 0.000000, 0.000000, 100.928642
06/27/16_11:07:32, 0.000000, 0.000000, 102.883674
06/27/16_11:07:34, 0.000000, 0.000000, 101.906158
06/27/16_11:07:35, 0.000000, 0.000000, 552.541564
06/27/16_11:07:37, 0.000000, 0.000000, 443.059631
06/27/16_11:07:39, 0.000000, 0.000000, 312.072326
06/27/16_11:07:40, 0.000000, 0.000000, 235.826019
06/27/16_11:07:42, 0.000000, 0.000000, 191.837738
06/27/16_11:07:43, 0.000000, 0.000000, 160.557174
06/27/16_11:07:45, 0.000000, 0.000000, 141.006851
06/27/16_11:07:46, 0.000000, 0.000000, 128.299118
06/27/16_11:07:48, 0.000000, 0.000000, 119.501472
06/27/16_11:07:49, 0.000000, 0.000000, 113.636375
06/27/16_11:07:51, 0.000000, 0.000000, 109.726287
06/27/16_11:07:52, 0.000000, 0.000000, 105.816223
06/27/16_11:07:54, 0.000000, 0.000000, 104.838706
06/27/16_11:07:56, 0.000000, 0.000000, 102.883674
06/27/16_11:07:57, 0.000000, 0.000000, 101.906158
06/27/16_11:07:59, 0.000000, 0.000000, 102.883674
06/27/16_11:08:00, 0.000000, 0.000188, 103.861190
06/27/16_11:08:02, 0.000375, 0.000375, 106.793739
06/27/16_11:08:03, 0.000188, 0.000375, 111.681320
06/27/16_11:08:05, 0.000188, 0.000375, 110.703804
06/27/16_11:08:06, 0.000188, 0.000375, 109.726287
06/27/16_11:08:08, 0.000188, 0.000375, 107.771255
06/27/16_11:08:09, 0.000188, 0.000375, 107.771255
06/27/16_11:08:11, 0.000188, 0.000375, 107.771255
06/27/16_11:08:13, 0.000188, 0.000375, 107.771255
06/27/16_11:08:14, 0.000188, 0.000375, 106.793739
06/27/16_11:08:16, 0.000188, 0.000375, 106.793739
06/27/16_11:08:18, 0.000188, 0.000375, 105.816223
06/27/16_11:08:19, 0.000188, 0.000375, 106.793739
06/27/16_11:08:21, 0.000188, 0.000375, 106.793739
06/27/16_11:08:22, 0.000188, 0.000375, 106.793739
06/27/16_11:08:24, 0.000188, 0.000375, 107.771255
06/27/16_11:08:25, 0.000188, 0.000375, 107.771255
06/27/16_11:08:27, 0.000188, 0.000375, 106.793739
06/27/16_11:08:29, 0.000188, 0.000375, 107.771255
06/27/16_11:08:30, 0.000188, 0.000375, 105.816223
06/27/16_11:08:32, 0.000188, 0.000375, 107.771255
06/27/16_11:08:33, 0.000188, 0.000375, 106.793739
06/27/16_11:08:35, 0.000188, 0.000375, 106.793739
06/27/16_11:08:36, 0.000000, 0.000375, 106.793739
06/27/16_11:08:38, 0.000188, 0.000375, 106.793739
06/27/16_11:08:39, 0.000188, 0.000375, 107.771255
06/27/16_11:08:41, 0.000188, 0.000375, 108.748771
06/27/16_11:08:43, 0.000188, 0.000188, 108.748771
06/27/16_11:08:44, 0.000188, 0.000375, 109.726287
06/27/16_11:08:46, 0.000188, 0.000375, 108.748771
06/27/16_11:08:47, 0.000188, 0.000375, 107.771255
06/27/16_11:08:49, 0.000188, 0.000188, 110.703804
06/27/16_11:08:50, 0.000188, 0.000375, 110.703804
06/27/16_11:08:52, 0.000188, 0.000375, 110.703804
06/27/16_11:08:53, 0.000188, 0.000375, 110.703804
06/27/16_11:08:55, 0.000188, 0.000375, 107.771255
06/27/16_11:08:56, 0.000188, 0.000188, 107.771255
06/27/16_11:08:58, 0.000188, 0.000375, 108.748771
06/27/16_11:08:59, 0.000188, 0.000188, 109.726287
06/27/16_11:09:01, 0.000188, 0.000188, 108.748771
06/27/16_11:09:03, 0.000188, 0.000188, 107.771255
06/27/16_11:09:04, 0.000188, 0.000188, 107.771255
06/27/16_11:09:06, 0.000188, 0.000188, 107.771255
06/27/16_11:09:08, 0.000375, 0.000375, 109.726287
06/27/16_11:09:09, 0.000188, 0.000375, 109.726287
06/27/16_11:09:11, 0.000188, 0.000375, 109.726287
06/27/16_11:09:12, 0.000188, 0.000375, 108.748771
06/27/16_11:09:14, 0.000188, 0.000188, 108.748771
06/27/16_11:09:15, 0.000188, 0.000188, 109.726287
06/27/16_11:09:17, 0.000188, 0.000000, 108.748771
06/27/16_11:09:18, 0.000188, 0.000375, 107.771255
06/27/16_11:09:20, 0.000188, 0.000375, 109.726287
06/27/16_11:09:22, 0.000188, 0.000000, 109.726287
06/27/16_11:09:23, 0.000188, 0.000000, 109.726287
06/27/16_11:09:25, 0.000188, 0.000188, 108.748771
06/27/16_11:09:26, 0.000188, 0.000188, 108.748771
06/27/16_11:09:28, 0.000188, 0.000188, 108.748771
06/27/16_11:09:29, 0.000188, 0.000188, 108.748771
06/27/16_11:09:31, 0.000375, 0.000188, 107.771255
06/27/16_11:09:33, 0.000188, 0.000000, 107.771255
06/27/16_11:09:34, 0.000188, 0.000188, 108.748771
06/27/16_11:09:36, 0.000188, 0.000188, 108.748771
06/27/16_11:09:38, 0.000188, 0.000375, 107.771255
06/27/16_11:09:39, 0.000188, 0.000375, 108.748771
06/27/16_11:09:41, 0.000188, 0.000375, 109.726287
06/27/16_11:09:42, 0.000188, 0.000375, 107.771255
06/27/16_11:09:44, 0.000188, 0.000188, 107.771255
06/27/16_11:09:46, 0.000188, 0.000375, 108.748771
06/27/16_11:09:47, 0.000375, 0.000375, 107.771255
06/27/16_11:09:49, 0.000188, 0.000562, 107.771255
06/27/16_11:09:50, 0.000188, 0.000562, 106.793739
06/27/16_11:09:52, 0.000188, 0.000562, 107.771255
06/27/16_11:09:54, 0.000188, 0.000562, 107.771255
06/27/16_11:09:55, 0.000188, 0.000562, 107.771255
06/27/16_11:09:57, 0.000188, 0.000562, 108.748771
06/27/16_11:09:58, 0.000188, 0.000375, 107.771255
06/27/16_11:10:00, 0.000188, 0.000375, 111.681320
06/27/16_11:10:02, 0.000188, 0.000375, 108.748771
06/27/16_11:10:03, 0.000188, 0.000562, 107.771255
06/27/16_11:10:05, 0.000188, 0.000375, 109.726287
06/27/16_11:10:07, 0.000188, 0.000562, 108.748771
06/27/16_11:10:08, 0.000188, 0.000375, 110.703804
06/27/16_11:10:10, 0.000188, 0.000375, 110.703804
06/27/16_11:10:11, 0.000188, 0.000375, 109.726287
06/27/16_11:10:13, 0.000188, 0.000562, 109.726287
06/27/16_11:10:15, 0.000188, 0.000562, 110.703804
06/27/16_11:10:16, 0.000188, 0.000562, 108.748771
06/27/16_11:10:18, 0.000188, 0.000375, 110.703804
06/27/16_11:10:19, 0.000188, 0.000375, 108.748771
06/27/16_11:10:21, 0.000188, 0.000375, 108.748771
06/27/16_11:10:23, 0.000000, 0.000562, 108.748771
06/27/16_11:10:24, 0.000188, 0.000562, 108.748771
06/27/16_11:10:26, 0.000188, 0.000375, 109.726287
06/27/16_11:10:27, 0.000188, 0.000562, 109.726287
06/27/16_11:10:29, 0.000188, 0.000562, 109.726287
06/27/16_11:10:31, 0.000188, 0.000562, 108.748771
06/27/16_11:10:32, 0.000188, 0.000562, 108.748771
06/27/16_11:10:34, 0.000188, 0.000375, 109.726287
06/27/16_11:10:36, 0.000188, 0.000562, 109.726287
06/27/16_11:10:37, 0.000188, 0.000562, 108.748771
06/27/16_11:10:39, 0.000188, 0.000562, 107.771255
06/27/16_11:10:40, 0.000188, 0.000375, 107.771255
06/27/16_11:10:42, 0.000000, 0.000562, 109.726287
06/27/16_11:10:43, 0.000188, 0.000562, 109.726287
06/27/16_11:10:45, 0.000188, 0.000562, 109.726287
06/27/16_11:10:47, 0.000188, 0.000562, 108.748771
06/27/16_11:10:48, 0.000188, 0.000562, 108.748771
06/27/16_11:10:50, 0.000375, 0.000562, 108.748771
06/27/16_11:10:51, 0.000188, 0.000375, 108.748771
06/27/16_11:10:53, 0.000188, 0.000562, 108.748771
06/27/16_11:10:54, 0.000188, 0.000562, 106.793739
06/27/16_11:10:56, 0.000188, 0.000562, 108.748771
06/27/16_11:10:57, 0.000375, 0.000562, 108.748771
06/27/16_11:10:59, 0.000375, 0.000375, 107.771255
06/27/16_11:11:00, 0.000562, 0.000375, 107.771255
06/27/16_11:11:02, 0.000375, 0.000375, 106.793739
06/27/16_11:11:03, 0.000375, 0.000562, 106.793739
06/27/16_11:11:05, 0.000375, 0.000562, 107.771255
06/27/16_11:11:07, 0.000188, 0.000188, 106.793739
06/27/16_11:11:08, 0.000188, 0.000000, 106.793739
06/27/16_11:11:10, 0.000000, 0.000000, 105.816223
06/27/16_11:11:11, 0.000188, 0.000000, 105.816223
06/27/16_11:11:13, 0.000000, 0.000000, 106.793739
06/27/16_11:11:15, 0.000188, 0.000000, 105.816223
06/27/16_11:11:16, 0.000000, 0.000188, 105.816223
06/27/16_11:11:17, 0.000188, 0.000000, 106.793739
06/27/16_11:11:19, 0.000188, 0.000000, 106.793739
06/27/16_11:11:21, 0.000188, 0.000000, 106.793739
06/27/16_11:11:22, 0.000188, 0.000000, 105.816223
06/27/16_11:11:24, 0.000188, 0.000188, 105.816223
06/27/16_11:11:25, 0.000000, 0.000188, 105.816223
06/27/16_11:11:27, 0.000188, 0.000188, 105.816223
06/27/16_11:11:28, 0.000000, 0.000000, 105.816223
06/27/16_11:11:30, 0.000000, 0.000188, 105.816223
06/27/16_11:11:32, 0.000000, 0.000188, 112.658836
06/27/16_11:11:33, 0.000000, 0.000188, 117.546440
06/27/16_11:11:35, 0.000000, 0.000000, 115.591407
06/27/16_11:11:36, 0.000000, 0.000000, 112.658836
06/27/16_11:11:38, 0.000000, 0.000000, 111.681320
06/27/16_11:11:39, 0.000188, 0.000000, 110.703804
06/27/16_11:11:41, 0.000188, 0.000188, 128.299118
06/27/16_11:11:42, 0.000000, 0.000188, 124.389053
06/27/16_11:11:44, 0.000000, 0.000000, 118.523956
06/27/16_11:11:46, 0.000188, 0.000188, 114.613891
06/27/16_11:11:47, 0.000000, 0.000000, 114.613891
06/27/16_11:11:49, 0.000000, 0.000000, 111.681320
06/27/16_11:11:50, 0.000188, 0.000000, 121.456504
06/27/16_11:11:52, 0.000188, 0.000188, 117.546440
06/27/16_11:11:54, 0.000000, 0.000000, 128.299118
06/27/16_11:11:55, 0.000000, 0.000188, 117.546440
06/27/16_11:11:57, 0.000000, 0.000000, 114.613891
06/27/16_11:11:58, 0.000000, 0.000000, 112.658836
06/27/16_11:12:00, 0.000000, 0.000000, 111.681320
06/27/16_11:12:01, 0.000188, 0.000000, 108.748771
06/27/16_11:12:03, 0.000000, 0.000000, 107.771255
06/27/16_11:12:04, 0.000188, 0.000188, 105.816223
06/27/16_11:12:06, 0.000000, 0.000000, 105.816223
06/27/16_11:12:08, 0.000188, 0.000000, 105.816223
06/27/16_11:12:09, 0.000188, 0.000000, 106.793739
06/27/16_11:12:11, 0.000188, 0.000000, 105.816223
06/27/16_11:12:12, 0.000188, 0.000188, 105.816223
06/27/16_11:12:14, 0.000188, 0.000000, 105.816223
06/27/16_11:12:15, 0.000188, 0.000188, 105.816223
06/27/16_11:12:17, 0.000000, 0.000000, 106.793739
06/27/16_11:12:18, 0.000000, 0.000188, 105.816223
06/27/16_11:12:20, 0.000000, 0.000188, 105.816223
06/27/16_11:12:21, 0.000188, 0.000000, 102.883674
06/27/16_11:12:23, 0.000000, 0.000000, 104.838706
06/27/16_11:12:25, 0.000188, 0.000188, 113.636375
06/27/16_11:12:26, 0.000188, 0.000000, 111.681320
06/27/16_11:12:28, 0.000188, 0.000000, 121.456504
06/27/16_11:12:30, 0.000188, 0.000188, 115.591407
06/27/16_11:12:31, 0.000188, 0.000000, 111.681320
06/27/16_11:12:33, 0.000188, 0.000000, 110.703804
06/27/16_11:12:34, 0.000188, 0.000188, 108.748771
06/27/16_11:12:36, 0.000000, 0.000188, 110.703804
06/27/16_11:12:37, 0.000188, 0.000000, 111.681320
06/27/16_11:12:39, 0.000000, 0.000000, 123.411537
06/27/16_11:12:41, 0.000000, 0.000000, 117.546440
06/27/16_11:12:42, 0.000188, 0.000188, 124.389053
06/27/16_11:12:44, 0.000188, 0.000000, 121.456504
06/27/16_11:12:45, 0.000000, 0.000000, 115.591407
06/27/16_11:12:47, 0.000188, 0.000000, 113.636375
06/27/16_11:12:48, 0.000000, 0.000000, 109.726287
06/27/16_11:12:50, 0.000188, 0.000188, 121.456504
06/27/16_11:12:51, 0.000188, 0.000188, 116.568923
06/27/16_11:12:53, 0.000188, 0.000000, 115.591407
06/27/16_11:12:55, 0.000000, 0.000188, 116.568923
06/27/16_11:12:56, 0.000188, 0.000000, 113.636375
06/27/16_11:12:58, 0.000000, 0.000188, 107.771255
06/27/16_11:12:59, 0.000000, 0.000000, 106.793739
06/27/16_11:13:01, 0.000000, 0.000000, 104.838706
06/27/16_11:13:02, 0.000000, 0.000000, 103.861190
06/27/16_11:13:04, 0.000000, 0.000000, 103.861190
06/27/16_11:13:05, 0.000000, 0.000000, 104.838706
06/27/16_11:13:07, 0.000000, 0.000000, 102.883674
06/27/16_11:13:09, 0.000000, 0.000000, 104.838706
06/27/16_11:13:10, 0.000000, 0.000000, 104.838706
06/27/16_11:13:12, 0.000000, 0.000000, 103.861190
06/27/16_11:13:14, 0.000000, 0.000000, 104.838706
06/27/16_11:13:15, 0.000000, 0.000000, 102.883674
06/27/16_11:13:17, 0.000000, 0.000188, 103.861190
06/27/16_11:13:18, 0.000188, 0.000000, 103.861190
06/27/16_11:13:20, 0.000000, 0.000000, 103.861190
06/27/16_11:13:21, 0.000000, 0.000188, 102.883674
06/27/16_11:13:23, 0.000000, 0.000188, 101.906158
06/27/16_11:13:24, 0.000000, 0.000000, 101.906158
06/27/16_11:13:26, 0.000000, 0.000000, 101.906158
06/27/16_11:13:27, 0.000000, 0.000000, 101.906158
06/27/16_11:13:29, 0.000188, 0.000000, 101.906158
06/27/16_11:13:31, 0.000000, 0.000188, 99.951126
06/27/16_11:13:32, 0.000188, 0.000188, 101.906158
06/27/16_11:13:34, 0.000000, 0.000000, 101.906158
06/27/16_11:13:35, 0.000000, 0.000000, 101.906158
06/27/16_11:13:37, 0.000000, 0.000000, 100.928642
06/27/16_11:13:38, 0.000000, 0.000000, 101.906158
06/27/16_11:13:40, 0.000000, 0.000000, 100.928642
06/27/16_11:13:41, 0.000000, 0.000000, 100.928642
06/27/16_11:13:43, 0.000000, 0.000000, 101.906158
06/27/16_11:13:44, 0.000000, 0.000000, 111.681320
06/27/16_11:13:46, 0.000000, 0.000000, 101.906158
06/27/16_11:13:47, 0.000000, 0.000000, 101.906158
06/27/16_11:13:49, 0.000188, 0.000000, 100.928642
06/27/16_11:13:51, 0.000000, 0.000000, 101.906158
06/27/16_11:13:52, 0.000000, 0.000000, 101.906158
06/27/16_11:13:54, 0.000000, 0.000000, 100.928642
06/27/16_11:13:55, 0.000000, 0.000000, 100.928642
06/27/16_11:13:57, 0.000000, 0.000188, 101.906158
06/27/16_11:13:58, 0.000000, 0.000188, 100.928642
06/27/16_11:14:00, 0.000000, 0.000188, 99.951126
06/27/16_11:14:01, 0.000000, 0.000000, 100.928642
06/27/16_11:14:03, 0.000000, 0.000000, 100.928642
06/27/16_11:14:04, 0.000000, 0.000000, 100.928642
06/27/16_11:14:06, 0.000000, 0.000000, 101.906158
06/27/16_11:14:08, 0.000000, 0.000000, 101.906158
06/27/16_11:14:09, 0.000000, 0.000000, 101.906158
06/27/16_11:14:11, 0.000188, 0.000188, 100.928642
06/27/16_11:14:12, 0.000000, 0.000000, 101.906158
06/27/16_11:14:14, 0.000000, 0.000000, 101.906158
06/27/16_11:14:15, 0.000000, 0.000000, 101.906158
06/27/16_11:14:17, 0.000000, 0.000000, 102.883674
06/27/16_11:14:19, 0.000000, 0.000000, 101.906158
06/27/16_11:14:20, 0.000188, 0.000000, 101.906158
06/27/16_11:14:22, 0.000000, 0.000000, 100.928642
06/27/16_11:14:23, 0.000000, 0.000000, 102.883674
06/27/16_11:14:25, 0.000000, 0.000000, 104.838706
06/27/16_11:14:26, 0.000000, 0.000000, 101.906158
06/27/16_11:14:28, 0.000000, 0.000000, 101.906158
06/27/16_11:14:29, 0.000188, 0.000000, 101.906158
06/27/16_11:14:31, 0.000188, 0.000000, 101.906158
06/27/16_11:14:32, 0.000000, 0.000000, 100.928642
06/27/16_11:14:34, 0.000000, 0.000000, 101.906158
06/27/16_11:14:36, 0.000000, 0.000000, 101.906158
06/27/16_11:14:37, 0.000000, 0.000188, 102.883674
06/27/16_11:14:39, 0.000000, 0.000000, 102.883674
06/27/16_11:14:40, 0.000000, 0.000000, 102.883674
06/27/16_11:14:42, 0.000000, 0.000000, 102.883674
06/27/16_11:14:43, 0.000000, 0.000000, 101.906158
06/27/16_11:14:45, 0.000000, 0.000000, 101.906158
06/27/16_11:14:46, 0.000000, 0.000000, 101.906158
06/27/16_11:14:48, 0.000000, 0.000000, 101.906158
06/27/16_11:14:49, 0.000000, 0.000188, 101.906158
06/27/16_11:14:51, 0.000000, 0.000000, 101.906158
06/27/16_11:14:52, 0.000000, 0.000000, 100.928642
06/27/16_11:14:54, 0.000188, 0.000000, 100.928642
06/27/16_11:14:55, 0.000000, 0.000000, 100.928642
06/27/16_11:14:57, 0.000000, 0.000000, 100.928642
06/27/16_11:14:58, 0.000000, 0.000188, 100.928642
06/27/16_11:15:00, 0.000000, 0.000000, 100.928642
06/27/16_11:15:01, 0.000000, 0.000000, 99.951126
06/27/16_11:15:03, 0.000000, 0.000000, 103.861190
06/27/16_11:15:05, 0.000000, 0.000000, 102.883674
06/27/16_11:15:06, 0.000000, 0.000000, 101.906158
06/27/16_11:15:08, 0.000000, 0.000000, 101.906158
06/27/16_11:15:09, 0.000000, 0.000000, 100.928642
06/27/16_11:15:11, 0.000000, 0.000000, 100.928642
06/27/16_11:15:13, 0.000000, 0.000000, 100.928642
06/27/16_11:15:14, 0.000000, 0.000000, 100.928642
06/27/16_11:15:16, 0.000000, 0.000000, 100.928642
06/27/16_11:15:17, 0.000000, 0.000000, 100.928642
06/27/16_11:15:19, 0.000000, 0.000000, 99.951126
06/27/16_11:15:20, 0.000000, 0.000000, 100.928642
06/27/16_11:15:22, 0.000000, 0.000000, 99.951126
06/27/16_11:15:24, 0.000188, 0.000000, 100.928642
06/27/16_11:15:25, 0.000188, 0.000000, 100.928642
06/27/16_11:15:27, 0.000000, 0.000000, 101.906158
06/27/16_11:15:28, 0.000000, 0.000000, 99.951126
06/27/16_11:15:30, 0.000000, 0.000000, 100.928642
06/27/16_11:15:32, 0.000000, 0.000000, 100.928642
06/27/16_11:15:33, 0.000000, 0.000000, 99.951126
06/27/16_11:15:35, 0.000000, 0.000000, 99.951126
06/27/16_11:15:36, 0.000000, 0.000000, 99.951126
06/27/16_11:15:38, 0.000000, 0.000000, 99.951126
06/27/16_11:15:39, 0.000000, 0.000000, 99.951126
06/27/16_11:15:41, 0.000000, 0.000000, 98.973609
06/27/16_11:15:42, 0.000000, 0.000000, 99.951126
06/27/16_11:15:44, 0.000000, 0.000000, 99.951126
06/27/16_11:15:45, 0.000000, 0.000000, 97.996093
06/27/16_11:15:47, 0.000000, 0.000000, 98.973609
06/27/16_11:15:48, 0.000000, 0.000000, 98.973609
06/27/16_11:15:50, 0.000000, 0.000000, 98.973609
06/27/16_11:15:52, 0.000000, 0.000000, 97.996093
06/27/16_11:15:53, 0.000000, 0.000000, 98.973609
06/27/16_11:15:55, 0.000000, 0.000000, 98.973609
06/27/16_11:15:57, 0.000000, 0.000000, 98.973609
06/27/16_11:15:58, 0.000000, 0.000000, 97.996093
06/27/16_11:16:00, 0.000000, 0.000000, 98.973609
06/27/16_11:16:01, 0.000188, 0.000188, 99.951126
06/27/16_11:16:03, 0.000188, 0.000000, 98.973609
06/27/16_11:16:05, 0.000188, 0.000000, 97.996093
06/27/16_11:16:06, 0.000000, 0.000000, 98.973609
06/27/16_11:16:08, 0.000000, 0.000000, 98.973609
06/27/16_11:16:09, 0.000000, 0.000000, 97.996093
06/27/16_11:16:11, 0.000000, 0.000000, 97.996093
06/27/16_11:16:12, 0.000000, 0.000000, 97.996093
06/27/16_11:16:14, 0.000000, 0.000000, 97.996093
06/27/16_11:16:15, 0.000000, 0.000000, 97.996093
06/27/16_11:16:17, 0.000000, 0.000000, 97.996093
06/27/16_11:16:19, 0.000000, 0.000000, 96.041061
06/27/16_11:16:20, 0.000000, 0.000000, 97.018577
06/27/16_11:16:22, 0.000000, 0.000000, 97.018577
06/27/16_11:16:23, 0.000000, 0.000000, 97.018577
06/27/16_11:16:25, 0.000000, 0.000000, 97.018577
06/27/16_11:16:26, 0.000000, 0.000188, 96.041061
06/27/16_11:16:28, 0.000000, 0.000000, 96.041061
06/27/16_11:16:29, 0.000000, 0.000000, 96.041061
06/27/16_11:16:31, 0.000188, 0.000000, 96.041061
06/27/16_11:16:32, 0.000000, 0.000000, 96.041061
06/27/16_11:16:34, 0.000000, 0.000000, 96.041061
06/27/16_11:16:36, 0.000000, 0.000000, 95.063545
06/27/16_11:16:37, 0.000000, 0.000000, 95.063545
06/27/16_11:16:39, 0.000000, 0.000000, 95.063545
06/27/16_11:16:40, 0.000000, 0.000000, 95.063545
06/27/16_11:16:42, 0.000000, 0.000000, 95.063545
06/27/16_11:16:43, 0.000000, 0.000000, 94.086029
06/27/16_11:16:45, 0.000000, 0.000000, 94.086029
06/27/16_11:16:47, 0.000000, 0.000000, 94.086029
06/27/16_11:16:48, 0.000000, 0.000000, 94.086029
06/27/16_11:16:50, 0.000000, 0.000000, 94.086029
06/27/16_11:16:51, 0.000000, 0.000000, 93.108512
06/27/16_11:16:53, 0.000000, 0.000000, 93.108512
06/27/16_11:16:54, 0.000000, 0.000000, 93.108512
06/27/16_11:16:56, 0.000000, 0.000000, 93.108512
06/27/16_11:16:58, 0.000000, 0.000000, 93.108512
06/27/16_11:16:59, 0.000000, 0.000000, 93.108512
06/27/16_11:17:01, 0.000000, 0.000000, 93.108512
06/27/16_11:17:02, 0.000000, 0.000000, 92.130996
06/27/16_11:17:04, 0.000000, 0.000000, 91.153480
06/27/16_11:17:05, 0.000188, 0.000000, 91.153480
06/27/16_11:17:07, 0.000000, 0.000000, 93.108512
06/27/16_11:17:08, 0.000000, 0.000000, 92.130996
06/27/16_11:17:10, 0.000000, 0.000188, 92.130996
06/27/16_11:17:11, 0.000000, 0.000000, 93.108512
06/27/16_11:17:13, 0.000000, 0.000000, 92.130996
06/27/16_11:17:15, 0.000000, 0.000000, 92.130996
06/27/16_11:17:16, 0.000000, 0.000000, 92.130996
06/27/16_11:17:18, 0.000188, 0.000188, 91.153480
06/27/16_11:17:20, 0.000000, 0.000000, 91.153480
06/27/16_11:17:21, 0.000000, 0.000000, 91.153480
06/27/16_11:17:23, 0.000000, 0.000000, 91.153480
06/27/16_11:17:24, 0.000000, 0.000000, 90.175964
06/27/16_11:17:26, 0.000188, 0.000000, 90.175964
06/27/16_11:17:27, 0.000000, 0.000000, 87.243392
06/27/16_11:17:29, 0.000000, 0.000188, 90.175964
06/27/16_11:17:30, 0.000000, 0.000000, 91.153480
06/27/16_11:17:32, 0.000000, 0.000000, 91.153480
06/27/16_11:17:34, 0.000000, 0.000000, 90.175964
06/27/16_11:17:35, 0.000000, 0.000000, 89.198448
06/27/16_11:17:37, 0.000000, 0.000000, 90.175964
06/27/16_11:17:38, 0.000000, 0.000000, 89.198448
06/27/16_11:17:40, 0.000000, 0.000000, 89.198448
06/27/16_11:17:42, 0.000000, 0.000000, 89.198448
06/27/16_11:17:43, 0.000000, 0.000000, 89.198448
06/27/16_11:17:45, 0.000000, 0.000000, 89.198448
06/27/16_11:17:46, 0.000000, 0.000188, 89.198448
06/27/16_11:17:48, 0.000000, 0.000000, 89.198448
06/27/16_11:17:50, 0.000188, 0.000000, 89.198448
06/27/16_11:17:51, 0.000000, 0.000000, 88.220932
06/27/16_11:17:53, 0.000000, 0.000000, 88.220932
06/27/16_11:17:54, 0.000000, 0.000000, 89.198448
06/27/16_11:17:56, 0.000000, 0.000000, 88.220932
06/27/16_11:17:57, 0.000000, 0.000000, 88.220932
06/27/16_11:17:59, 0.000000, 0.000000, 87.243392
06/27/16_11:18:01, 0.000000, 0.000188, 88.220932
06/27/16_11:18:02, 0.000000, 0.000000, 88.220932
06/27/16_11:18:04, 0.000000, 0.000000, 88.220932
06/27/16_11:18:05, 0.000000, 0.000000, 88.220932
06/27/16_11:18:07, 0.000000, 0.000000, 87.243392
06/27/16_11:18:08, 0.000000, 0.000000, 84.310844
06/27/16_11:18:10, 0.000188, 0.000000, 87.243392
06/27/16_11:18:11, 0.000000, 0.000000, 88.220932
06/27/16_11:18:13, 0.000000, 0.000188, 88.220932
06/27/16_11:18:15, 0.000188, 0.000000, 88.220932
06/27/16_11:18:16, 0.000000, 0.000000, 88.220932
06/27/16_11:18:18, 0.000000, 0.000000, 87.243392
06/27/16_11:18:19, 0.000000, 0.000188, 87.243392
06/27/16_11:18:21, 0.000188, 0.000000, 87.243392
06/27/16_11:18:23, 0.000000, 0.000000, 87.243392
06/27/16_11:18:24, 0.000000, 0.000000, 86.265876
06/27/16_11:18:26, 0.000000, 0.000000, 86.265876
06/27/16_11:18:27, 0.000000, 0.000000, 87.243392
06/27/16_11:18:29, 0.000188, 0.000000, 86.265876
06/27/16_11:18:30, 0.000188, 0.000000, 85.288360
06/27/16_11:18:32, 0.000000, 0.000000, 86.265876
06/27/16_11:18:33, 0.000000, 0.000000, 85.288360
06/27/16_11:18:35, 0.000000, 0.000000, 85.288360
06/27/16_11:18:36, 0.000000, 0.000000, 119.501472
06/27/16_11:18:38, 0.000000, 0.000000, 111.681320
06/27/16_11:18:39, 0.000000, 0.000000, 107.771255
06/27/16_11:18:41, 0.000188, 0.000000, 102.883674
06/27/16_11:18:43, 0.000000, 0.000000, 99.951126
06/27/16_11:18:44, 0.000000, 0.000000, 97.018577
06/27/16_11:18:46, 0.000188, 0.000000, 96.041061
06/27/16_11:18:47, 0.000188, 0.000000, 94.086029
06/27/16_11:18:49, 0.000000, 0.000000, 93.108512
06/27/16_11:18:50, 0.000000, 0.000000, 92.130996
06/27/16_11:18:52, 0.000000, 0.000000, 92.130996
06/27/16_11:18:53, 0.000000, 0.000000, 91.153480
06/27/16_11:18:55, 0.000000, 0.000000, 91.153480
06/27/16_11:18:56, 0.000000, 0.000000, 90.175964
06/27/16_11:18:58, 0.000000, 0.000000, 90.175964
06/27/16_11:19:00, 0.000000, 0.000000, 89.198448
06/27/16_11:19:01, 0.000188, 0.000000, 90.175964
06/27/16_11:19:03, 0.000000, 0.000000, 89.198448
06/27/16_11:19:04, 0.000000, 0.000000, 89.198448
06/27/16_11:19:06, 0.000000, 0.000000, 88.220932
06/27/16_11:19:07, 0.000000, 0.000000, 88.220932
06/27/16_11:19:09, 0.000000, 0.000000, 88.220932
06/27/16_11:19:11, 0.000000, 0.000000, 87.243392
06/27/16_11:19:12, 0.000000, 0.000000, 87.243392
06/27/16_11:19:14, 0.000000, 0.000000, 87.243392
06/27/16_11:19:15, 0.000000, 0.000000, 87.243392
06/27/16_11:19:17, 0.000000, 0.000000, 86.265876
06/27/16_11:19:18, 0.000000, 0.000000, 86.265876
06/27/16_11:19:20, 0.000000, 0.000000, 86.265876
06/27/16_11:19:22, 0.000188, 0.000000, 86.265876
06/27/16_11:19:23, 0.000000, 0.000000, 85.288360
06/27/16_11:19:25, 0.000000, 0.000000, 85.288360
06/27/16_11:19:26, 0.000000, 0.000188, 85.288360
06/27/16_11:19:28, 0.000000, 0.000000, 84.310844
06/27/16_11:19:30, 0.000000, 0.000000, 84.310844
06/27/16_11:19:31, 0.000000, 0.000000, 85.288360
06/27/16_11:19:33, 0.000000, 0.000188, 84.310844
06/27/16_11:19:34, 0.000000, 0.000000, 85.288360
06/27/16_11:19:36, 0.000188, 0.000000, 84.310844
06/27/16_11:19:37, 0.000000, 0.000000, 84.310844
06/27/16_11:19:39, 0.000000, 0.000000, 84.310844
06/27/16_11:19:41, 0.000000, 0.000000, 84.310844
06/27/16_11:19:42, 0.000000, 0.000000, 81.378295
06/27/16_11:19:44, 0.000000, 0.000000, 83.333328
06/27/16_11:19:45, 0.000000, 0.000000, 83.333328
06/27/16_11:19:47, 0.000000, 0.000000, 83.333328
06/27/16_11:19:48, 0.000000, 0.000000, 83.333328
06/27/16_11:19:50, 0.000000, 0.000188, 83.333328
06/27/16_11:19:51, 0.000000, 0.000000, 83.333328
06/27/16_11:19:53, 0.000188, 0.000000, 82.355812
06/27/16_11:19:54, 0.000000, 0.000000, 78.445747
06/27/16_11:19:56, 0.000000, 0.000000, 82.355812
06/27/16_11:19:57, 0.000000, 0.000188, 82.355812
06/27/16_11:19:59, 0.000000, 0.000000, 81.378295
06/27/16_11:20:00, 0.000000, 0.000000, 81.378295
06/27/16_11:20:02, 0.000000, 0.000000, 81.378295
06/27/16_11:20:04, 0.000000, 0.000000, 82.355812
06/27/16_11:20:05, 0.000000, 0.000000, 81.378295
06/27/16_11:20:07, 0.000000, 0.000000, 81.378295
06/27/16_11:20:08, 0.000000, 0.000000, 79.423263
06/27/16_11:20:10, 0.000000, 0.000000, 81.378295
06/27/16_11:20:11, 0.000000, 0.000000, 80.400779
06/27/16_11:20:13, 0.000000, 0.000000, 80.400779
06/27/16_11:20:15, 0.000000, 0.000000, 81.378295
06/27/16_11:20:16, 0.000000, 0.000000, 80.400779
06/27/16_11:20:18, 0.000000, 0.000000, 80.400779
06/27/16_11:20:19, 0.000000, 0.000000, 79.423263
06/27/16_11:20:21, 0.000000, 0.000000, 80.400779
06/27/16_11:20:22, 0.000188, 0.000000, 83.333328
06/27/16_11:20:24, 0.000000, 0.000000, 82.355812
06/27/16_11:20:25, 0.000000, 0.000000, 81.378295
06/27/16_11:20:27, 0.000000, 0.000000, 82.355812
06/27/16_11:20:28, 0.000000, 0.000000, 82.355812
06/27/16_11:20:30, 0.000000, 0.000000, 82.355812
06/27/16_11:20:32, 0.000000, 0.000188, 81.378295
06/27/16_11:20:33, 0.000000, 0.000000, 81.378295
06/27/16_11:20:35, 0.000000, 0.000000, 81.378295
06/27/16_11:20:37, 0.000000, 0.000000, 80.400779
06/27/16_11:20:38, 0.000000, 0.000000, 80.400779
06/27/16_11:20:40, 0.000000, 0.000000, 80.400779
06/27/16_11:20:41, 0.000000, 0.000000, 80.400779
06/27/16_11:20:43, 0.000000, 0.000000, 79.423263
06/27/16_11:20:44, 0.000000, 0.000000, 79.423263
06/27/16_11:20:46, 0.000000, 0.000000, 80.400779
06/27/16_11:20:48, 0.000000, 0.000000, 78.445747
06/27/16_11:20:49, 0.000000, 0.000000, 78.445747
06/27/16_11:20:50, 0.000000, 0.000000, 78.445747
06/27/16_11:20:52, 0.000000, 0.000000, 78.445747
06/27/16_11:20:53, 0.000188, 0.000000, 78.445747
06/27/16_11:20:55, 0.000000, 0.000000, 78.445747
06/27/16_11:20:56, 0.000000, 0.000000, 78.445747
06/27/16_11:20:58, 0.000000, 0.000000, 77.468231
06/27/16_11:21:00, 0.000000, 0.000000, 77.468231
06/27/16_11:21:01, 0.000000, 0.000000, 77.468231
06/27/16_11:21:03, 0.000000, 0.000000, 77.468231
06/27/16_11:21:04, 0.000000, 0.000000, 77.468231
06/27/16_11:21:06, 0.000000, 0.000000, 78.445747
06/27/16_11:21:07, 0.000000, 0.000000, 76.490715
06/27/16_11:21:09, 0.000000, 0.000000, 77.468231
06/27/16_11:21:10, 0.000000, 0.000000, 77.468231
06/27/16_11:21:12, 0.000000, 0.000000, 76.490715
06/27/16_11:21:13, 0.000000, 0.000000, 75.513198
06/27/16_11:21:15, 0.000000, 0.000000, 75.513198
06/27/16_11:21:16, 0.000000, 0.000000, 75.513198
06/27/16_11:21:18, 0.000000, 0.000188, 75.513198
06/27/16_11:21:20, 0.000000, 0.000000, 75.513198
06/27/16_11:21:21, 0.000000, 0.000000, 74.535682
06/27/16_11:21:23, 0.000000, 0.000000, 74.535682
06/27/16_11:21:24, 0.000188, 0.000000, 75.513198
06/27/16_11:21:26, 0.000000, 0.000000, 73.558166
06/27/16_11:21:27, 0.000000, 0.000000, 74.535682
06/27/16_11:21:29, 0.000000, 0.000000, 74.535682
06/27/16_11:21:30, 0.000000, 0.000000, 73.558166
06/27/16_11:21:32, 0.000000, 0.000000, 73.558166
06/27/16_11:21:33, 0.000000, 0.000000, 73.558166
06/27/16_11:21:35, 0.000000, 0.000000, 73.558166
06/27/16_11:21:36, 0.000000, 0.000000, 71.603134
06/27/16_11:21:38, 0.000000, 0.000000, 72.580650
06/27/16_11:21:40, 0.000000, 0.000000, 72.580650
06/27/16_11:21:41, 0.000000, 0.000000, 72.580650
06/27/16_11:21:43, 0.000000, 0.000000, 72.580650
06/27/16_11:21:44, 0.000000, 0.000000, 71.603134
06/27/16_11:21:46, 0.000000, 0.000000, 71.603134
06/27/16_11:21:47, 0.000000, 0.000000, 71.603134
06/27/16_11:21:49, 0.000000, 0.000000, 71.603134
06/27/16_11:21:51, 0.000000, 0.000188, 71.603134
06/27/16_11:21:52, 0.000000, 0.000000, 71.603134
06/27/16_11:21:54, 0.000000, 0.000000, 70.625617
06/27/16_11:21:55, 0.000000, 0.000000, 71.603134
06/27/16_11:21:57, 0.000000, 0.000000, 71.603134
06/27/16_11:21:58, 0.000000, 0.000000, 71.603134
06/27/16_11:22:00, 0.000000, 0.000000, 71.603134
06/27/16_11:22:01, 0.000000, 0.000000, 71.603134
06/27/16_11:22:03, 0.000000, 0.000000, 71.603134
06/27/16_11:22:04, 0.000000, 0.000000, 71.603134
06/27/16_11:22:06, 0.000000, 0.000000, 71.603134
06/27/16_11:22:08, 0.000000, 0.000000, 71.603134
06/27/16_11:22:09, 0.000188, 0.000000, 70.625617
06/27/16_11:22:11, 0.000000, 0.000000, 70.625617
06/27/16_11:22:12, 0.000000, 0.000000, 70.625617
06/27/16_11:22:14, 0.000000, 0.000000, 69.648101
06/27/16_11:22:16, 0.000000, 0.000000, 69.648101
06/27/16_11:22:17, 0.000000, 0.000188, 68.670585
06/27/16_11:22:19, 0.000000, 0.000000, 69.648101
06/27/16_11:22:20, 0.000000, 0.000188, 69.648101
06/27/16_11:22:22, 0.000000, 0.000000, 69.648101
06/27/16_11:22:23, 0.000000, 0.000000, 69.648101
06/27/16_11:22:25, 0.000000, 0.000000, 69.648101
06/27/16_11:22:26, 0.000000, 0.000000, 70.625617
06/27/16_11:22:28, 0.000000, 0.000000, 69.648101
06/27/16_11:22:29, 0.000000, 0.000000, 68.670585
06/27/16_11:22:31, 0.000000, 0.000000, 69.648101
06/27/16_11:22:33, 0.000000, 0.000000, 68.670585
06/27/16_11:22:34, 0.000000, 0.000000, 69.648101
06/27/16_11:22:36, 0.000000, 0.000188, 68.670585
06/27/16_11:22:37, 0.000000, 0.000000, 68.670585
06/27/16_11:22:39, 0.000000, 0.000000, 68.670585
06/27/16_11:22:40, 0.000000, 0.000000, 68.670585
06/27/16_11:22:42, 0.000000, 0.000000, 68.670585
06/27/16_11:22:44, 0.000000, 0.000000, 63.783004
06/27/16_11:22:45, 0.000188, 0.000000, 67.693069
06/27/16_11:22:47, 0.000000, 0.000000, 67.693069
06/27/16_11:22:49, 0.000000, 0.000000, 67.693069
06/27/16_11:22:50, 0.000000, 0.000000, 67.693069
06/27/16_11:22:52, 0.000000, 0.000000, 66.715553
06/27/16_11:22:53, 0.000000, 0.000000, 67.693069
06/27/16_11:22:55, 0.000000, 0.000000, 67.693069
06/27/16_11:22:56, 0.000000, 0.000000, 67.693069
06/27/16_11:22:58, 0.000000, 0.000000, 66.715553
06/27/16_11:22:59, 0.000000, 0.000000, 66.715553
06/27/16_11:23:01, 0.000000, 0.000000, 67.693069
06/27/16_11:23:03, 0.000000, 0.000000, 67.693069
06/27/16_11:23:04, 0.000000, 0.000000, 67.693069
06/27/16_11:23:06, 0.000000, 0.000000, 66.715553
06/27/16_11:23:07, 0.000000, 0.000000, 66.715553
06/27/16_11:23:09, 0.000000, 0.000000, 66.715553
06/27/16_11:23:10, 0.000000, 0.000000, 66.715553
06/27/16_11:23:12, 0.000000, 0.000000, 65.738037
06/27/16_11:23:13, 0.000000, 0.000000, 65.738037
06/27/16_11:23:15, 0.000000, 0.000000, 64.760520
06/27/16_11:23:16, 0.000188, 0.000000, 65.738037
06/27/16_11:23:18, 0.000188, 0.000000, 65.738037
06/27/16_11:23:20, 0.000000, 0.000000, 65.738037
06/27/16_11:23:21, 0.000000, 0.000000, 65.738037
06/27/16_11:23:23, 0.000188, 0.000000, 66.715553
06/27/16_11:23:24, 0.000000, 0.000000, 65.738037
06/27/16_11:23:26, 0.000188, 0.000000, 65.738037
06/27/16_11:23:27, 0.000000, 0.000000, 65.738037
06/27/16_11:23:29, 0.000000, 0.000000, 65.738037
06/27/16_11:23:30, 0.000000, 0.000000, 65.738037
06/27/16_11:23:32, 0.000000, 0.000000, 64.760520
06/27/16_11:23:33, 0.000000, 0.000000, 65.738037
06/27/16_11:23:35, 0.000000, 0.000000, 65.738037
06/27/16_11:23:36, 0.000000, 0.000000, 65.738037
06/27/16_11:23:38, 0.000000, 0.000000, 64.760520
06/27/16_11:23:39, 0.000000, 0.000000, 64.760520
06/27/16_11:23:41, 0.000000, 0.000000, 64.760520
06/27/16_11:23:43, 0.000000, 0.000188, 64.760520
06/27/16_11:23:44, 0.000000, 0.000000, 65.738037
06/27/16_11:23:46, 0.000000, 0.000000, 64.760520
06/27/16_11:23:47, 0.000000, 0.000000, 64.760520
06/27/16_11:23:49, 0.000000, 0.000000, 63.783004
06/27/16_11:23:50, 0.000000, 0.000000, 64.760520
06/27/16_11:23:52, 0.000000, 0.000000, 63.783004
06/27/16_11:23:53, 0.000000, 0.000000, 62.805461
06/27/16_11:23:55, 0.000188, 0.000000, 63.783004
06/27/16_11:23:56, 0.000000, 0.000000, 63.783004
06/27/16_11:23:58, 0.000000, 0.000000, 63.783004
06/27/16_11:23:59, 0.000000, 0.000000, 64.760520
06/27/16_11:24:01, 0.000000, 0.000000, 63.783004
06/27/16_11:24:02, 0.000000, 0.000000, 63.783004
06/27/16_11:24:04, 0.000000, 0.000000, 63.783004
06/27/16_11:24:05, 0.000000, 0.000000, 63.783004
06/27/16_11:24:07, 0.000188, 0.000000, 63.783004
06/27/16_11:24:08, 0.000000, 0.000000, 62.805461
06/27/16_11:24:10, 0.000000, 0.000000, 62.805461
06/27/16_11:24:11, 0.000000, 0.000000, 63.783004
06/27/16_11:24:13, 0.000000, 0.000000, 62.805461
06/27/16_11:24:14, 0.000000, 0.000000, 62.805461
06/27/16_11:24:16, 0.000000, 0.000000, 62.805461
06/27/16_11:24:17, 0.000000, 0.000000, 62.805461
06/27/16_11:24:19, 0.000000, 0.000000, 62.805461
06/27/16_11:24:20, 0.000000, 0.000000, 62.805461
06/27/16_11:24:22, 0.000000, 0.000000, 62.805461
06/27/16_11:24:23, 0.000000, 0.000000, 62.805461
06/27/16_11:24:25, 0.000000, 0.000000, 62.805461
06/27/16_11:24:26, 0.000000, 0.000000, 62.805461
06/27/16_11:24:28, 0.000000, 0.000000, 62.805461
06/27/16_11:24:29, 0.000000, 0.000000, 62.805461
06/27/16_11:24:31, 0.000000, 0.000000, 62.805461
06/27/16_11:24:32, 0.000000, 0.000000, 61.827945
06/27/16_11:24:34, 0.000000, 0.000000, 62.805461
06/27/16_11:24:35, 0.000000, 0.000000, 62.805461
06/27/16_11:24:37, 0.000000, 0.000000, 61.827945
06/27/16_11:24:38, 0.000188, 0.000000, 61.827945
06/27/16_11:24:40, 0.000000, 0.000000, 62.805461
06/27/16_11:24:41, 0.000000, 0.000000, 61.827945
06/27/16_11:24:43, 0.000000, 0.000000, 62.805461
06/27/16_11:24:44, 0.000000, 0.000000, 62.805461
06/27/16_11:24:46, 0.000188, 0.000000, 61.827945
06/27/16_11:24:48, 0.000000, 0.000000, 61.827945
06/27/16_11:24:49, 0.000000, 0.000000, 60.850429
06/27/16_11:24:51, 0.000000, 0.000000, 60.850429
06/27/16_11:24:52, 0.000000, 0.000000, 61.827945
06/27/16_11:24:54, 0.000000, 0.000188, 61.827945
06/27/16_11:24:55, 0.000000, 0.000000, 61.827945
06/27/16_11:24:57, 0.000000, 0.000000, 60.850429
06/27/16_11:24:58, 0.000000, 0.000000, 61.827945
06/27/16_11:25:00, 0.000000, 0.000000, 60.850429
06/27/16_11:25:01, 0.000000, 0.000000, 61.827945
06/27/16_11:25:03, 0.000000, 0.000000, 61.827945
06/27/16_11:25:04, 0.000000, 0.000000, 61.827945
06/27/16_11:25:06, 0.000188, 0.000000, 60.850429
06/27/16_11:25:08, 0.000000, 0.000000, 60.850429
06/27/16_11:25:09, 0.000000, 0.000000, 60.850429
06/27/16_11:25:11, 0.000000, 0.000000, 60.850429
06/27/16_11:25:12, 0.000000, 0.000000, 60.850429
06/27/16_11:25:14, 0.000188, 0.000000, 61.827945
06/27/16_11:25:16, 0.000000, 0.000000, 60.850429
06/27/16_11:25:17, 0.000000, 0.000000, 61.827945
06/27/16_11:25:19, 0.000000, 0.000000, 60.850429
06/27/16_11:25:20, 0.000000, 0.000000, 59.872913
06/27/16_11:25:21, 0.000188, 0.000000, 60.850429
06/27/16_11:25:23, 0.000000, 0.000000, 60.850429
06/27/16_11:25:24, 0.000000, 0.000000, 59.872913
06/27/16_11:25:26, 0.000000, 0.000000, 60.850429
06/27/16_11:25:27, 0.000000, 0.000000, 60.850429
06/27/16_11:25:29, 0.000000, 0.000000, 66.715553
06/27/16_11:25:31, 0.000000, 0.000000, 60.850429
06/27/16_11:25:32, 0.000000, 0.000000, 58.895397
06/27/16_11:25:34, 0.000188, 0.000000, 59.872913
06/27/16_11:25:35, 0.000000, 0.000000, 60.850429
06/27/16_11:25:37, 0.000000, 0.000000, 60.850429
06/27/16_11:25:38, 0.000000, 0.000000, 60.850429
06/27/16_11:25:40, 0.000188, 0.000000, 60.850429
06/27/16_11:25:41, 0.000000, 0.000000, 59.872913
06/27/16_11:25:43, 0.000000, 0.000000, 59.872913
06/27/16_11:25:44, 0.000000, 0.000000, 60.850429
06/27/16_11:25:46, 0.000000, 0.000000, 58.895397
06/27/16_11:25:47, 0.000000, 0.000000, 59.872913
06/27/16_11:25:49, 0.000000, 0.000000, 59.872913
06/27/16_11:25:50, 0.000000, 0.000000, 59.872913
06/27/16_11:25:52, 0.000000, 0.000000, 58.895397
06/27/16_11:25:53, 0.000000, 0.000000, 58.895397
06/27/16_11:25:55, 0.000188, 0.000000, 58.895397
06/27/16_11:25:57, 0.000000, 0.000000, 59.872913
06/27/16_11:25:58, 0.000000, 0.000000, 58.895397
06/27/16_11:26:00, 0.000000, 0.000000, 57.917881
06/27/16_11:26:01, 0.000000, 0.000000, 58.895397
06/27/16_11:26:03, 0.000000, 0.000000, 58.895397
06/27/16_11:26:04, 0.000000, 0.000000, 58.895397
06/27/16_11:26:06, 0.000000, 0.000000, 59.872913
06/27/16_11:26:07, 0.000000, 0.000188, 59.872913
06/27/16_11:26:09, 0.000000, 0.000000, 59.872913
06/27/16_11:26:10, 0.000000, 0.000000, 59.872913
06/27/16_11:26:12, 0.000188, 0.000000, 59.872913
06/27/16_11:26:13, 0.000000, 0.000000, 59.872913
06/27/16_11:26:15, 0.000000, 0.000000, 59.872913
06/27/16_11:26:16, 0.000000, 0.000000, 59.872913
06/27/16_11:26:18, 0.000000, 0.000000, 69.648101
06/27/16_11:26:19, 0.000000, 0.000000, 69.648101
06/27/16_11:26:21, 0.000000, 0.000000, 68.670585
06/27/16_11:26:22, 0.000000, 0.000000, 68.670585
06/27/16_11:26:24, 0.000000, 0.000000, 67.693069
06/27/16_11:26:25, 0.000000, 0.000000, 66.715553
06/27/16_11:26:27, 0.000000, 0.000000, 66.715553
06/27/16_11:26:28, 0.000000, 0.000000, 65.738037
06/27/16_11:26:30, 0.000000, 0.000000, 64.760520
06/27/16_11:26:31, 0.000000, 0.000000, 63.783004
06/27/16_11:26:33, 0.000000, 0.000000, 62.805461
06/27/16_11:26:35, 0.000000, 0.000000, 62.805461
06/27/16_11:26:36, 0.000000, 0.000188, 61.827945
06/27/16_11:26:38, 0.000000, 0.000000, 66.715553
06/27/16_11:26:39, 0.000000, 0.000000, 60.850429
06/27/16_11:26:41, 0.000000, 0.000000, 60.850429
06/27/16_11:26:42, 0.000000, 0.000000, 60.850429
06/27/16_11:26:44, 0.000000, 0.000000, 61.827945
06/27/16_11:26:45, 0.000000, 0.000000, 60.850429
06/27/16_11:26:47, 0.000000, 0.000000, 59.872913
06/27/16_11:26:49, 0.000188, 0.000000, 60.850429
06/27/16_11:26:50, 0.000000, 0.000000, 59.872913
06/27/16_11:26:51, 0.000000, 0.000000, 59.872913
06/27/16_11:26:53, 0.000000, 0.000188, 59.872913
06/27/16_11:26:54, 0.000188, 0.000000, 59.872913
06/27/16_11:26:56, 0.000000, 0.000000, 59.872913
06/27/16_11:26:58, 0.000000, 0.000000, 58.895397
06/27/16_11:26:59, 0.000000, 0.000000, 58.895397
06/27/16_11:27:01, 0.000000, 0.000000, 58.895397
06/27/16_11:27:02, 0.000000, 0.000000, 58.895397
06/27/16_11:27:04, 0.000000, 0.000000, 57.917881
06/27/16_11:27:05, 0.000000, 0.000188, 58.895397
06/27/16_11:27:07, 0.000000, 0.000000, 58.895397
06/27/16_11:27:08, 0.000188, 0.000000, 58.895397
06/27/16_11:27:10, 0.000000, 0.000000, 60.850429
06/27/16_11:27:11, 0.000000, 0.000000, 59.872913
06/27/16_11:27:13, 0.000000, 0.000000, 58.895397
06/27/16_11:27:14, 0.000000, 0.000000, 59.872913
06/27/16_11:27:16, 0.000000, 0.000000, 58.895397
06/27/16_11:27:17, 0.000000, 0.000000, 58.895397
06/27/16_11:27:19, 0.000000, 0.000000, 58.895397
06/27/16_11:27:20, 0.000000, 0.000000, 58.895397
06/27/16_11:27:22, 0.000000, 0.000188, 60.850429
06/27/16_11:27:23, 0.000000, 0.000000, 60.850429
06/27/16_11:27:25, 0.000000, 0.000000, 59.872913
06/27/16_11:27:26, 0.000000, 0.000000, 58.895397
06/27/16_11:27:28, 0.000000, 0.000000, 61.827945
06/27/16_11:27:29, 0.000000, 0.000000, 59.872913
06/27/16_11:27:31, 0.000000, 0.000000, 58.895397
06/27/16_11:27:32, 0.000000, 0.000000, 59.872913
06/27/16_11:27:34, 0.000000, 0.000000, 58.895397
06/27/16_11:27:35, 0.000000, 0.000000, 59.872913
06/27/16_11:27:37, 0.000000, 0.000000, 58.895397
06/27/16_11:27:38, 0.000000, 0.000000, 58.895397
06/27/16_11:27:40, 0.000000, 0.000000, 58.895397
06/27/16_11:27:41, 0.000000, 0.000000, 58.895397
06/27/16_11:27:43, 0.000000, 0.000000, 58.895397
06/27/16_11:27:44, 0.000188, 0.000000, 56.940364
06/27/16_11:27:46, 0.000000, 0.000000, 57.917881
06/27/16_11:27:47, 0.000000, 0.000000, 57.917881
06/27/16_11:27:49, 0.000000, 0.000000, 55.962848
06/27/16_11:27:50, 0.000000, 0.000000, 57.917881
06/27/16_11:27:52, 0.000000, 0.000000, 57.917881
06/27/16_11:27:54, 0.000000, 0.000000, 56.940364
06/27/16_11:27:55, 0.000000, 0.000000, 56.940364
06/27/16_11:27:56, 0.000000, 0.000000, 55.962848
06/27/16_11:27:58, 0.000000, 0.000000, 56.940364
06/27/16_11:27:59, 0.000188, 0.000000, 56.940364
06/27/16_11:28:01, 0.000000, 0.000000, 56.940364
06/27/16_11:28:02, 0.000000, 0.000000, 57.917881
06/27/16_11:28:04, 0.000000, 0.000000, 56.940364
06/27/16_11:28:05, 0.000000, 0.000000, 56.940364
06/27/16_11:28:07, 0.000000, 0.000000, 56.940364
06/27/16_11:28:08, 0.000000, 0.000000, 57.917881
06/27/16_11:28:10, 0.000000, 0.000000, 56.940364
06/27/16_11:28:11, 0.000188, 0.000000, 56.940364
06/27/16_11:28:13, 0.000188, 0.000000, 56.940364
06/27/16_11:28:14, 0.000000, 0.000000, 56.940364
06/27/16_11:28:16, 0.000000, 0.000000, 57.917881
06/27/16_11:28:17, 0.000000, 0.000000, 57.917881
06/27/16_11:28:19, 0.000000, 0.000000, 60.850429
06/27/16_11:28:21, 0.000000, 0.000000, 59.872913
06/27/16_11:28:22, 0.000000, 0.000000, 58.895397
06/27/16_11:28:24, 0.000000, 0.000000, 58.895397
06/27/16_11:28:25, 0.000000, 0.000000, 58.895397
06/27/16_11:28:27, 0.000000, 0.000000, 57.917881
06/27/16_11:28:28, 0.000000, 0.000000, 57.917881
06/27/16_11:28:30, 0.000000, 0.000000, 54.985332
06/27/16_11:28:31, 0.000000, 0.000000, 57.917881
06/27/16_11:28:33, 0.000000, 0.000000, 56.940364
06/27/16_11:28:34, 0.000000, 0.000188, 56.940364
06/27/16_11:28:36, 0.000000, 0.000000, 57.917881
06/27/16_11:28:37, 0.000000, 0.000000, 56.940364
06/27/16_11:28:39, 0.000000, 0.000000, 56.940364
06/27/16_11:28:40, 0.000000, 0.000000, 56.940364
06/27/16_11:28:41, 0.000000, 0.000000, 61.827945
06/27/16_11:28:43, 0.000000, 0.000000, 61.827945
06/27/16_11:28:45, 0.000000, 0.000000, 61.827945
06/27/16_11:28:46, 0.000000, 0.000000, 61.827945
06/27/16_11:28:48, 0.000000, 0.000000, 60.850429
06/27/16_11:28:49, 0.000000, 0.000000, 60.850429
06/27/16_11:28:51, 0.000188, 0.000000, 59.872913
06/27/16_11:28:52, 0.000000, 0.000000, 59.872913
06/27/16_11:28:54, 0.000000, 0.000188, 59.872913
06/27/16_11:28:55, 0.000000, 0.000000, 59.872913
06/27/16_11:28:57, 0.000000, 0.000000, 60.850429
06/27/16_11:28:58, 0.000000, 0.000188, 60.850429
06/27/16_11:29:00, 0.000000, 0.000188, 57.917881
06/27/16_11:29:01, 0.000000, 0.000000, 57.917881
06/27/16_11:29:03, 0.000000, 0.000000, 58.895397
06/27/16_11:29:04, 0.000000, 0.000000, 57.917881
06/27/16_11:29:05, 0.000000, 0.000000, 57.917881
06/27/16_11:29:07, 0.000000, 0.000000, 57.917881
06/27/16_11:29:09, 0.000000, 0.000000, 57.917881
06/27/16_11:29:10, 0.000000, 0.000000, 56.940364
06/27/16_11:29:12, 0.000000, 0.000188, 57.917881
06/27/16_11:29:13, 0.000000, 0.000188, 66.715553
06/27/16_11:29:15, 0.000000, 0.000000, 56.940364
06/27/16_11:29:16, 0.000000, 0.000000, 56.940364
06/27/16_11:29:18, 0.000188, 0.000000, 56.940364
06/27/16_11:29:19, 0.000000, 0.000000, 56.940364
06/27/16_11:29:21, 0.000000, 0.000000, 55.962848
06/27/16_11:29:22, 0.000000, 0.000000, 56.940364
06/27/16_11:29:24, 0.000188, 0.000000, 56.940364
06/27/16_11:29:25, 0.000000, 0.000000, 56.940364
06/27/16_11:29:27, 0.000000, 0.000000, 55.962848
06/27/16_11:29:28, 0.000000, 0.000000, 55.962848
06/27/16_11:29:30, 0.000000, 0.000000, 56.940364
06/27/16_11:29:31, 0.000000, 0.000000, 56.940364
06/27/16_11:29:33, 0.000000, 0.000000, 56.940364
06/27/16_11:29:34, 0.000000, 0.000000, 56.940364
06/27/16_11:29:36, 0.000000, 0.000000, 55.962848
06/27/16_11:29:37, 0.000000, 0.000000, 56.940364
06/27/16_11:29:39, 0.000000, 0.000000, 57.917881
06/27/16_11:29:40, 0.000000, 0.000000, 57.917881
06/27/16_11:29:42, 0.000000, 0.000000, 60.850429
06/27/16_11:29:43, 0.000188, 0.000188, 60.850429
06/27/16_11:29:45, 0.000000, 0.000000, 60.850429
06/27/16_11:29:46, 0.000000, 0.000000, 62.805461
06/27/16_11:29:48, 0.000000, 0.000000, 63.783004
06/27/16_11:29:49, 0.000188, 0.000000, 60.850429
06/27/16_11:29:51, 0.000000, 0.000000, 58.895397
06/27/16_11:29:52, 0.000000, 0.000000, 59.872913
06/27/16_11:29:54, 0.000000, 0.000000, 59.872913
06/27/16_11:29:55, 0.000000, 0.000000, 59.872913
06/27/16_11:29:57, 0.000000, 0.000000, 59.872913
06/27/16_11:29:58, 0.000188, 0.000000, 59.872913
06/27/16_11:29:59, 0.000000, 0.000000, 64.760520
06/27/16_11:30:01, 0.000000, 0.000000, 57.917881
06/27/16_11:30:03, 0.000000, 0.000000, 59.872913
06/27/16_11:30:04, 0.000000, 0.000000, 58.895397
06/27/16_11:30:06, 0.000000, 0.000000, 58.895397
06/27/16_11:30:07, 0.000000, 0.000188, 57.917881
06/27/16_11:30:09, 0.000000, 0.000000, 57.917881
06/27/16_11:30:10, 0.000000, 0.000000, 57.917881
06/27/16_11:30:12, 0.000000, 0.000000, 56.940364
06/27/16_11:30:13, 0.000000, 0.000000, 57.917881
06/27/16_11:30:15, 0.000000, 0.000000, 56.940364
06/27/16_11:30:17, 0.000000, 0.000000, 56.940364
06/27/16_11:30:18, 0.000000, 0.000000, 55.962848
06/27/16_11:30:20, 0.000000, 0.000000, 55.962848
06/27/16_11:30:21, 0.000000, 0.000000, 55.962848
06/27/16_11:30:23, 0.000000, 0.000000, 56.940364
06/27/16_11:30:24, 0.000000, 0.000000, 55.962848
06/27/16_11:30:26, 0.000000, 0.000000, 55.962848
06/27/16_11:30:27, 0.000000, 0.000000, 56.940364
06/27/16_11:30:29, 0.000000, 0.000000, 56.940364
06/27/16_11:30:30, 0.000188, 0.000000, 55.962848
06/27/16_11:30:32, 0.000188, 0.000000, 56.940364
06/27/16_11:30:33, 0.000000, 0.000000, 55.962848
06/27/16_11:30:35, 0.000000, 0.000188, 55.962848
06/27/16_11:30:36, 0.000188, 0.000000, 55.962848
06/27/16_11:30:38, 0.000000, 0.000000, 54.985332
06/27/16_11:30:39, 0.000000, 0.000000, 55.962848
06/27/16_11:30:41, 0.000000, 0.000000, 55.962848
06/27/16_11:30:42, 0.000000, 0.000000, 55.962848
06/27/16_11:30:44, 0.000188, 0.000000, 55.962848
06/27/16_11:30:45, 0.000000, 0.000000, 55.962848
06/27/16_11:30:47, 0.000000, 0.000000, 55.962848
06/27/16_11:30:48, 0.000188, 0.000000, 55.962848
06/27/16_11:30:50, 0.000000, 0.000000, 55.962848
06/27/16_11:30:51, 0.000000, 0.000000, 55.962848
06/27/16_11:30:53, 0.000000, 0.000000, 55.962848
06/27/16_11:30:54, 0.000188, 0.000000, 56.940364
06/27/16_11:30:56, 0.000000, 0.000000, 55.962848
06/27/16_11:30:58, 0.000000, 0.000000, 55.962848
06/27/16_11:30:59, 0.000000, 0.000188, 55.962848
06/27/16_11:31:01, 0.000000, 0.000000, 55.962848
06/27/16_11:31:02, 0.000000, 0.000000, 54.985332
06/27/16_11:31:04, 0.000000, 0.000000, 55.962848
06/27/16_11:31:05, 0.000000, 0.000000, 55.962848
06/27/16_11:31:07, 0.000000, 0.000000, 56.940364
06/27/16_11:31:08, 0.000000, 0.000188, 55.962848
06/27/16_11:31:10, 0.000000, 0.000000, 56.940364
06/27/16_11:31:11, 0.000000, 0.000188, 55.962848
06/27/16_11:31:13, 0.000000, 0.000000, 56.940364
06/27/16_11:31:14, 0.000000, 0.000000, 56.940364
06/27/16_11:31:16, 0.000188, 0.000000, 57.917881
06/27/16_11:31:17, 0.000188, 0.000000, 56.940364
06/27/16_11:31:19, 0.000000, 0.000000, 56.940364
06/27/16_11:31:20, 0.000000, 0.000000, 56.940364
06/27/16_11:31:22, 0.000188, 0.000000, 57.917881
06/27/16_11:31:23, 0.000188, 0.000000, 56.940364
06/27/16_11:31:25, 0.000188, 0.000000, 56.940364
06/27/16_11:31:27, 0.000000, 0.000000, 57.917881
06/27/16_11:31:28, 0.000188, 0.000000, 56.940364
06/27/16_11:31:30, 0.000188, 0.000000, 57.917881
06/27/16_11:31:31, 0.000188, 0.000000, 58.895397
06/27/16_11:31:33, 0.000000, 0.000000, 64.760520
06/27/16_11:31:34, 0.000000, 0.000000, 63.783004
06/27/16_11:31:36, 0.000000, 0.000000, 63.783004
06/27/16_11:31:37, 0.000000, 0.000000, 63.783004
06/27/16_11:31:39, 0.000000, 0.000000, 62.805461
06/27/16_11:31:41, 0.000000, 0.000000, 62.805461
06/27/16_11:31:42, 0.000000, 0.000000, 62.805461
06/27/16_11:31:44, 0.000000, 0.000000, 62.805461
06/27/16_11:31:45, 0.000000, 0.000000, 62.805461
06/27/16_11:31:47, 0.000000, 0.000000, 61.827945
06/27/16_11:31:48, 0.000000, 0.000000, 60.850429
06/27/16_11:31:50, 0.000000, 0.000000, 60.850429
06/27/16_11:31:51, 0.000000, 0.000000, 59.872913
06/27/16_11:31:52, 0.000000, 0.000000, 58.895397
06/27/16_11:31:54, 0.000000, 0.000188, 58.895397
06/27/16_11:31:55, 0.000000, 0.000000, 59.872913
06/27/16_11:31:57, 0.000000, 0.000000, 58.895397
06/27/16_11:31:58, 0.000000, 0.000000, 58.895397
06/27/16_11:32:00, 0.000000, 0.000000, 57.917881
06/27/16_11:32:02, 0.000000, 0.000000, 58.895397
06/27/16_11:32:03, 0.000000, 0.000000, 57.917881
06/27/16_11:32:04, 0.000000, 0.000000, 58.895397
06/27/16_11:32:06, 0.000000, 0.000000, 58.895397
06/27/16_11:32:07, 0.000000, 0.000000, 57.917881
06/27/16_11:32:09, 0.000000, 0.000000, 57.917881
06/27/16_11:32:10, 0.000000, 0.000000, 57.917881
06/27/16_11:32:12, 0.000000, 0.000000, 56.940364
06/27/16_11:32:13, 0.000000, 0.000000, 56.940364
06/27/16_11:32:15, 0.000000, 0.000000, 57.917881
06/27/16_11:32:16, 0.000000, 0.000000, 56.940364
06/27/16_11:32:18, 0.000000, 0.000000, 56.940364
06/27/16_11:32:19, 0.000000, 0.000000, 56.940364
06/27/16_11:32:21, 0.000000, 0.000000, 55.962848
06/27/16_11:32:22, 0.000000, 0.000000, 57.917881
06/27/16_11:32:24, 0.000000, 0.000000, 55.962848
06/27/16_11:32:25, 0.000188, 0.000000, 56.940364
06/27/16_11:32:27, 0.000000, 0.000000, 53.030300
06/27/16_11:32:28, 0.000000, 0.000000, 56.940364
06/27/16_11:32:30, 0.000000, 0.000000, 56.940364
06/27/16_11:32:31, 0.000000, 0.000000, 55.962848
06/27/16_11:32:33, 0.000000, 0.000000, 56.940364
06/27/16_11:32:34, 0.000000, 0.000000, 56.940364
06/27/16_11:32:36, 0.000000, 0.000000, 55.962848
06/27/16_11:32:38, 0.000000, 0.000000, 56.940364
06/27/16_11:32:39, 0.000000, 0.000000, 55.962848
06/27/16_11:32:41, 0.000000, 0.000000, 55.962848
06/27/16_11:32:42, 0.000000, 0.000000, 56.940364
06/27/16_11:32:44, 0.000000, 0.000000, 55.962848
06/27/16_11:32:45, 0.000000, 0.000000, 55.962848
06/27/16_11:32:47, 0.000000, 0.000000, 55.962848
06/27/16_11:32:48, 0.000188, 0.000000, 55.962848
06/27/16_11:32:50, 0.000000, 0.000000, 55.962848
06/27/16_11:32:51, 0.000000, 0.000000, 55.962848
06/27/16_11:32:53, 0.000000, 0.000000, 55.962848
06/27/16_11:32:54, 0.000000, 0.000000, 55.962848
06/27/16_11:32:56, 0.000000, 0.000000, 55.962848
06/27/16_11:32:57, 0.000000, 0.000000, 59.872913
06/27/16_11:32:59, 0.000000, 0.000000, 57.917881
06/27/16_11:33:01, 0.000000, 0.000000, 58.895397
06/27/16_11:33:02, 0.000000, 0.000000, 57.917881
06/27/16_11:33:03, 0.000000, 0.000000, 55.962848
06/27/16_11:33:05, 0.000000, 0.000000, 56.940364
06/27/16_11:33:07, 0.000000, 0.000000, 55.962848
06/27/16_11:33:08, 0.000000, 0.000000, 56.940364
06/27/16_11:33:10, 0.000000, 0.000000, 65.738037
06/27/16_11:33:11, 0.000000, 0.000000, 55.962848
06/27/16_11:33:13, 0.000000, 0.000000, 56.940364
06/27/16_11:33:14, 0.000000, 0.000000, 56.940364
06/27/16_11:33:16, 0.000000, 0.000000, 56.940364
06/27/16_11:33:17, 0.000000, 0.000000, 55.962848
06/27/16_11:33:19, 0.000000, 0.000000, 55.962848
06/27/16_11:33:20, 0.000000, 0.000000, 55.962848
06/27/16_11:33:22, 0.000000, 0.000000, 54.985332
06/27/16_11:33:24, 0.000000, 0.000000, 55.962848
06/27/16_11:33:25, 0.000000, 0.000000, 54.985332
06/27/16_11:33:26, 0.000000, 0.000000, 55.962848
06/27/16_11:33:28, 0.000000, 0.000000, 55.962848
06/27/16_11:33:30, 0.000000, 0.000000, 55.962848
06/27/16_11:33:31, 0.000000, 0.000000, 55.962848
06/27/16_11:33:33, 0.000000, 0.000000, 54.985332
06/27/16_11:33:34, 0.000000, 0.000000, 54.985332
06/27/16_11:33:35, 0.000188, 0.000000, 55.962848
06/27/16_11:33:37, 0.000000, 0.000000, 54.985332
06/27/16_11:33:39, 0.000188, 0.000000, 56.940364
06/27/16_11:33:40, 0.000000, 0.000000, 54.985332
06/27/16_11:33:42, 0.000000, -0.000188, 55.962848
06/27/16_11:33:43, 0.000000, 0.000000, 55.962848
06/27/16_11:33:45, 0.000000, 0.000000, 55.962848
06/27/16_11:33:46, 0.000000, 0.000000, 55.962848
06/27/16_11:33:48, 0.000000, 0.000000, 56.940364
06/27/16_11:33:49, 0.000000, 0.000188, 56.940364
06/27/16_11:33:50, 0.000000, 0.000000, 55.962848
06/27/16_11:33:52, 0.000000, 0.000188, 56.940364
06/27/16_11:33:54, 0.000000, 0.000000, 57.917881
06/27/16_11:33:55, 0.000000, 0.000000, 55.962848
06/27/16_11:33:57, 0.000000, 0.000000, 54.985332
06/27/16_11:33:58, 0.000000, 0.000000, 55.962848
06/27/16_11:34:00, 0.000000, 0.000000, 55.962848
06/27/16_11:34:01, 0.000000, 0.000000, 56.940364
06/27/16_11:34:03, 0.000000, 0.000000, 55.962848
06/27/16_11:34:04, 0.000000, 0.000000, 55.962848
06/27/16_11:34:06, 0.000000, 0.000000, 55.962848
06/27/16_11:34:07, 0.000000, 0.000000, 55.962848
06/27/16_11:34:09, 0.000000, 0.000000, 55.962848
06/27/16_11:34:10, 0.000000, 0.000000, 55.962848
06/27/16_11:34:12, 0.000188, 0.000000, 56.940364
06/27/16_11:34:13, 0.000000, 0.000000, 55.962848
06/27/16_11:34:15, 0.000000, 0.000000, 56.940364
06/27/16_11:34:16, 0.000000, 0.000000, 55.962848
06/27/16_11:34:18, 0.000000, 0.000000, 55.962848
06/27/16_11:34:19, 0.000000, 0.000000, 56.940364
06/27/16_11:34:21, 0.000000, 0.000000, 67.693069
06/27/16_11:34:23, 0.000000, 0.000000, 69.648101
06/27/16_11:34:24, 0.000000, 0.000000, 70.625617
06/27/16_11:34:25, 0.000000, 0.000000, 69.648101
06/27/16_11:34:27, 0.000000, 0.000000, 74.535682
06/27/16_11:34:28, 0.000000, 0.000000, 71.603134
06/27/16_11:34:30, 0.000000, 0.000000, 70.625617
06/27/16_11:34:32, 0.000000, 0.000000, 68.670585
06/27/16_11:34:33, 0.000000, 0.000000, 67.693069
06/27/16_11:34:34, 0.000000, 0.000000, 66.715553
06/27/16_11:34:36, 0.000000, 0.000000, 66.715553
06/27/16_11:34:37, 0.000000, 0.000000, 65.738037
06/27/16_11:34:39, 0.000000, 0.000188, 64.760520
06/27/16_11:34:41, 0.000000, 0.000000, 64.760520
06/27/16_11:34:42, 0.000188, 0.000000, 63.783004
06/27/16_11:34:44, 0.000000, 0.000000, 62.805461
06/27/16_11:34:45, 0.000000, 0.000000, 63.783004
06/27/16_11:34:47, 0.000000, 0.000000, 62.805461
06/27/16_11:34:48, 0.000000, 0.000188, 62.805461
06/27/16_11:34:50, 0.000000, 0.000000, 60.850429
06/27/16_11:34:51, 0.000000, 0.000000, 60.850429
06/27/16_11:34:52, 0.000000, 0.000000, 60.850429
06/27/16_11:34:54, 0.000000, 0.000000, 60.850429
06/27/16_11:34:56, 0.000000, 0.000000, 59.872913
06/27/16_11:34:57, 0.000000, 0.000000, 60.850429
06/27/16_11:34:59, 0.000000, 0.000000, 59.872913
06/27/16_11:35:00, 0.000000, 0.000000, 59.872913
06/27/16_11:35:01, 0.000000, 0.000000, 59.872913
06/27/16_11:35:03, 0.000000, 0.000000, 59.872913
06/27/16_11:35:04, 0.000000, 0.000000, 59.872913
06/27/16_11:35:06, 0.000000, 0.000000, 58.895397
06/27/16_11:35:08, 0.000000, 0.000000, 58.895397
06/27/16_11:35:09, 0.000000, 0.000000, 60.850429
06/27/16_11:35:11, 0.000188, 0.000000, 59.872913
06/27/16_11:35:12, 0.000000, 0.000000, 59.872913
06/27/16_11:35:14, 0.000000, 0.000000, 58.895397
06/27/16_11:35:15, 0.000000, 0.000000, 58.895397
06/27/16_11:35:17, 0.000000, 0.000000, 58.895397
06/27/16_11:35:19, 0.000000, 0.000000, 58.895397
06/27/16_11:35:20, 0.000000, 0.000000, 57.917881
06/27/16_11:35:22, 0.000000, 0.000000, 57.917881
06/27/16_11:35:23, 0.000000, 0.000000, 57.917881
06/27/16_11:35:25, 0.000000, 0.000000, 55.962848
06/27/16_11:35:26, 0.000000, 0.000000, 56.940364
06/27/16_11:35:28, 0.000000, 0.000000, 55.962848
06/27/16_11:35:29, 0.000188, 0.000000, 56.940364
06/27/16_11:35:31, 0.000188, 0.000188, 62.805461
06/27/16_11:35:32, 0.000188, 0.000375, 55.962848
06/27/16_11:35:34, 0.000188, 0.000375, 56.940364
06/27/16_11:35:35, 0.000188, 0.000375, 55.962848
06/27/16_11:35:37, 0.000188, 0.000375, 55.962848
06/27/16_11:35:38, 0.000000, 0.000375, 55.962848
06/27/16_11:35:40, 0.000188, 0.000375, 56.940364
06/27/16_11:35:41, 0.000188, 0.000375, 55.962848
06/27/16_11:35:43, 0.000188, 0.000375, 55.962848
06/27/16_11:35:44, 0.000188, 0.000375, 54.985332
06/27/16_11:35:46, 0.000188, 0.000375, 54.985332
06/27/16_11:35:47, 0.000188, 0.000375, 54.985332
06/27/16_11:35:49, 0.000188, 0.000375, 54.985332
06/27/16_11:35:51, 0.000375, 0.000375, 54.985332
06/27/16_11:35:52, 0.000375, 0.000375, 54.985332
06/27/16_11:35:54, 0.000375, 0.000375, 55.962848
06/27/16_11:35:55, 0.000188, 0.000375, 55.962848
06/27/16_11:35:57, 0.000375, 0.000375, 55.962848
06/27/16_11:35:58, 0.000188, 0.000562, 56.940364
06/27/16_11:36:00, 0.000188, 0.000375, 56.940364
06/27/16_11:36:01, 0.000188, 0.000375, 55.962848
06/27/16_11:36:03, 0.000188, 0.000375, 55.962848
06/27/16_11:36:04, 0.000188, 0.000375, 56.940364
06/27/16_11:36:06, 0.000188, 0.000375, 56.940364
06/27/16_11:36:07, 0.000188, 0.000375, 56.940364
06/27/16_11:36:09, 0.000188, 0.000375, 55.962848
06/27/16_11:36:10, 0.000188, 0.000375, 55.962848
06/27/16_11:36:12, 0.000188, 0.000375, 54.985332
06/27/16_11:36:13, 0.000188, 0.000375, 54.985332
06/27/16_11:36:15, 0.000188, 0.000375, 54.985332
06/27/16_11:36:16, 0.000188, 0.000188, 54.007816
06/27/16_11:36:18, 0.000000, 0.000375, 54.007816
06/27/16_11:36:20, 0.000188, 0.000375, 54.985332
06/27/16_11:36:21, 0.000188, 0.000375, 55.962848
06/27/16_11:36:23, 0.000188, 0.000375, 54.985332
06/27/16_11:36:24, 0.000188, 0.000375, 54.985332
06/27/16_11:36:26, 0.000000, 0.000375, 62.805461
06/27/16_11:36:27, 0.000000, 0.000375, 61.827945
06/27/16_11:36:29, 0.000188, 0.000375, 59.872913
06/27/16_11:36:30, 0.000188, 0.000188, 58.895397
06/27/16_11:36:32, 0.000375, 0.000188, 58.895397
06/27/16_11:36:33, 0.000375, 0.000188, 59.872913
06/27/16_11:36:35, 0.000375, 0.000375, 59.872913
06/27/16_11:36:36, 0.000562, 0.000375, 60.850429
06/27/16_11:36:38, 0.000188, 0.000375, 59.872913
06/27/16_11:36:39, 0.000188, 0.000375, 60.850429
06/27/16_11:36:41, 0.000000, 0.000375, 59.872913
06/27/16_11:36:42, 0.000188, 0.000375, 59.872913
06/27/16_11:36:44, 0.000000, 0.000375, 60.850429
06/27/16_11:36:45, 0.000188, 0.000375, 60.850429
06/27/16_11:36:47, 0.000188, 0.000375, 59.872913
06/27/16_11:36:48, 0.000188, 0.000375, 59.872913
06/27/16_11:36:50, 0.000000, 0.000375, 58.895397
06/27/16_11:36:51, 0.000000, 0.000375, 59.872913
06/27/16_11:36:53, 0.000188, 0.000375, 58.895397
06/27/16_11:36:54, 0.000000, 0.000188, 58.895397
06/27/16_11:36:56, 0.000000, 0.000188, 61.827945
06/27/16_11:36:57, 0.000188, 0.000188, 64.760520
06/27/16_11:36:59, 0.000188, 0.000375, 60.850429
06/27/16_11:37:00, 0.000188, 0.000188, 60.850429
06/27/16_11:37:02, 0.000188, 0.000375, 60.850429
06/27/16_11:37:03, 0.000188, 0.000375, 63.783004
06/27/16_11:37:05, 0.000188, 0.000188, 59.872913
06/27/16_11:37:07, 0.000188, 0.000188, 58.895397
06/27/16_11:37:08, 0.000000, 0.000375, 58.895397
06/27/16_11:37:10, 0.000000, 0.000375, 57.917881
06/27/16_11:37:11, 0.000000, 0.000375, 57.917881
06/27/16_11:37:13, 0.000000, 0.000375, 58.895397
06/27/16_11:37:14, 0.000000, 0.000375, 57.917881
06/27/16_11:37:16, 0.000000, 0.000375, 57.917881
06/27/16_11:37:17, 0.000000, 0.000188, 57.917881
06/27/16_11:37:19, 0.000000, 0.000188, 57.917881
06/27/16_11:37:21, 0.000188, 0.000375, 57.917881
06/27/16_11:37:22, 0.000188, 0.000375, 57.917881
06/27/16_11:37:24, 0.000188, 0.000375, 56.940364
06/27/16_11:37:25, 0.000188, 0.000188, 55.962848
06/27/16_11:37:26, 0.000188, 0.000375, 55.962848
06/27/16_11:37:28, 0.000188, 0.000375, 54.985332
06/27/16_11:37:29, 0.000188, 0.000188, 55.962848
06/27/16_11:37:31, 0.000375, 0.000375, 55.962848
06/27/16_11:37:32, 0.000375, 0.000375, 55.962848
06/27/16_11:37:34, 0.000188, 0.000375, 55.962848
06/27/16_11:37:35, 0.000000, 0.000375, 56.940364
06/27/16_11:37:37, 0.000000, 0.000375, 54.985332
06/27/16_11:37:39, 0.000000, 0.000375, 55.962848
06/27/16_11:37:40, 0.000000, 0.000375, 55.962848
06/27/16_11:37:42, 0.000000, 0.000375, 55.962848
06/27/16_11:37:43, 0.000000, 0.000188, 50.097751
06/27/16_11:37:45, 0.000188, 0.000375, 54.985332
06/27/16_11:37:46, 0.000000, 0.000375, 55.962848
06/27/16_11:37:48, 0.000188, 0.000375, 56.940364
06/27/16_11:37:49, 0.000188, 0.000375, 54.985332
06/27/16_11:37:51, 0.000188, 0.000188, 57.917881
06/27/16_11:37:52, 0.000375, 0.000188, 62.805461
06/27/16_11:37:54, 0.000375, 0.000188, 67.693069
06/27/16_11:37:56, 0.000375, 0.000375, 72.580650
06/27/16_11:37:57, 0.000188, 0.000375, 70.625617
06/27/16_11:37:59, 0.000188, 0.000188, 69.648101
06/27/16_11:38:00, 0.000375, 0.000375, 71.603134
06/27/16_11:38:02, 0.000375, 0.000188, 71.603134
06/27/16_11:38:03, 0.001125, 0.000375, 72.580650
06/27/16_11:38:04, 0.001500, 0.000188, 85.288360
06/27/16_11:38:06, 0.000562, 0.000188, 80.400779
06/27/16_11:38:07, 0.000375, 0.000188, 77.468231
06/27/16_11:38:09, 0.000375, 0.000188, 75.513198
06/27/16_11:38:10, 0.000188, 0.000188, 74.535682
06/27/16_11:38:12, 0.000188, 0.000188, 72.580650
06/27/16_11:38:13, 0.000562, 0.000562, 88.220932
06/27/16_11:38:15, 0.000937, 0.000562, 98.973609
06/27/16_11:38:16, 0.001312, 0.000562, 105.816223
06/27/16_11:38:18, 0.000937, 0.000562, 104.838706
06/27/16_11:38:19, 0.000750, 0.000937, 101.906158
06/27/16_11:38:21, 0.000750, 0.000375, 96.041061
06/27/16_11:38:22, 0.000750, 0.000562, 91.153480
06/27/16_11:38:24, 0.000937, 0.000750, 99.951126
06/27/16_11:38:25, 0.001125, 0.000750, 101.906158
06/27/16_11:38:27, 0.001125, 0.000750, 102.883674
06/27/16_11:38:28, 0.001312, 0.000750, 105.816223
06/27/16_11:38:30, 0.001125, 0.000937, 109.726287
06/27/16_11:38:31, 0.001500, 0.000750, 116.568923
06/27/16_11:38:33, 0.001875, 0.000750, 120.478988
06/27/16_11:38:34, 0.001875, 0.000937, 120.478988
06/27/16_11:38:36, 0.001875, 0.000750, 121.456504
06/27/16_11:38:37, 0.002062, 0.000937, 122.434020
06/27/16_11:38:39, 0.002250, 0.001500, 120.478988
06/27/16_11:38:40, 0.001875, 0.001312, 129.276641
06/27/16_11:38:42, 0.001875, 0.000937, 111.681320
06/27/16_11:38:43, 0.001500, 0.001125, 106.793739
06/27/16_11:38:45, 0.001125, 0.000937, 105.816223
06/27/16_11:38:46, 0.001125, 0.000562, 101.906158
06/27/16_11:38:48, 0.001125, 0.000562, 95.063545
06/27/16_11:38:50, 0.001125, 0.000750, 95.063545
06/27/16_11:38:51, 0.001500, 0.000937, 99.951126
06/27/16_11:38:53, 0.001312, 0.000562, 97.996093
06/27/16_11:38:54, 0.001312, 0.000750, 98.973609
06/27/16_11:38:56, 0.001312, 0.000562, 96.041061
06/27/16_11:38:57, 0.000937, 0.000375, 92.130996
06/27/16_11:38:59, 0.001125, 0.000562, 93.108512
06/27/16_11:39:00, 0.001125, 0.000562, 95.063545
06/27/16_11:39:02, 0.001312, 0.000750, 90.175964
06/27/16_11:39:03, 0.001312, 0.000375, 91.153480
06/27/16_11:39:05, 0.001312, 0.000562, 95.063545
06/27/16_11:39:06, 0.001125, 0.000375, 96.041061
06/27/16_11:39:08, 0.001125, 0.000750, 95.063545
06/27/16_11:39:09, 0.001125, 0.000562, 94.086029
06/27/16_11:39:11, 0.001125, 0.000375, 92.130996
06/27/16_11:39:12, 0.001125, 0.000562, 91.153480
06/27/16_11:39:14, 0.001312, 0.000562, 91.153480
06/27/16_11:39:16, 0.001125, 0.000562, 97.018577
06/27/16_11:39:17, 0.000937, 0.000562, 96.041061
06/27/16_11:39:19, 0.001312, 0.000375, 95.063545
06/27/16_11:39:20, 0.001125, 0.000375, 97.018577
06/27/16_11:39:22, 0.001500, 0.000750, 101.906158
06/27/16_11:39:23, 0.001125, 0.000562, 100.928642
06/27/16_11:39:25, 0.001312, 0.000562, 101.906158
06/27/16_11:39:26, 0.001312, 0.000562, 105.816223
06/27/16_11:39:28, 0.001312, 0.000750, 105.816223
06/27/16_11:39:29, 0.001500, 0.000562, 105.816223
06/27/16_11:39:31, 0.001500, 0.000562, 105.816223
06/27/16_11:39:32, 0.001312, 0.000562, 104.838706
06/27/16_11:39:34, 0.001125, 0.000562, 102.883674
06/27/16_11:39:36, 0.001500, 0.000562, 102.883674
06/27/16_11:39:37, 0.001500, 0.000562, 104.838706
06/27/16_11:39:39, 0.001312, 0.000562, 103.861190
06/27/16_11:39:40, 0.001500, 0.000562, 104.838706
06/27/16_11:39:42, 0.001875, 0.000937, 107.771255
06/27/16_11:39:43, 0.001687, 0.000750, 113.636375
06/27/16_11:39:45, 0.001687, 0.000562, 115.591407
06/27/16_11:39:46, 0.001500, 0.000750, 113.636375
06/27/16_11:39:48, 0.001312, 0.000375, 110.703804
06/27/16_11:39:49, 0.001125, 0.000375, 107.771255
06/27/16_11:39:51, 0.002062, 0.000750, 114.613891
06/27/16_11:39:52, 0.002250, 0.001125, 120.478988
06/27/16_11:39:54, 0.003000, 0.001500, 137.096771
06/27/16_11:39:55, 0.003000, 0.001875, 127.321601
06/27/16_11:39:57, 0.003938, 0.002625, 158.602142
06/27/16_11:39:58, 0.003375, 0.001687, 148.826980
06/27/16_11:40:00, 0.002625, 0.001312, 141.984375
06/27/16_11:40:01, 0.001875, 0.000750, 127.321601
06/27/16_11:40:03, 0.001687, 0.000375, 118.523956
06/27/16_11:40:04, 0.002625, 0.000562, 109.726287
06/27/16_11:40:06, 0.001687, 0.000188, 95.063545
06/27/16_11:40:07, 0.001312, 0.000000, 91.153480
06/27/16_11:40:09, 0.000937, 0.000188, 91.153480
06/27/16_11:40:10, 0.000937, -0.000562, 94.086029
06/27/16_11:40:12, 0.000937, -0.000188, 98.973609
06/27/16_11:40:13, 0.001687, 0.000562, 37.390018
06/27/16_11:40:15, 0.001125, 0.000562, 37.390018
06/27/16_11:40:17, 0.001312, 0.000562, 37.390018
06/27/16_11:40:18, 0.001312, 0.000562, 37.390018
06/27/16_11:40:19, 0.001312, 0.000562, 37.390018
06/27/16_11:40:21, 0.001125, 0.000375, 37.390018
06/27/16_11:40:22, 0.000188, 0.000000, 37.390018
06/27/16_11:40:24, 0.000000, 0.000000, 37.390018
06/27/16_11:40:25, -0.000188, 0.000000, 37.390018
06/27/16_11:40:27, -0.000188, 0.000000, 37.390018
06/27/16_11:40:28, -0.000188, 0.000000, 37.390018
06/27/16_11:40:30, 0.000375, 0.000000, 37.390018
06/27/16_11:40:32, 0.000750, 0.000000, 37.390018
06/27/16_11:40:33, 0.000750, 0.000000, 37.390018
06/27/16_11:40:34, 0.000375, -0.000375, 37.390018
06/27/16_11:40:36, 0.000750, 0.000188, 37.390018
06/27/16_11:40:37, 0.000375, 0.000000, 37.390018
06/27/16_11:40:39, 0.000375, -0.000188, 37.390018
06/27/16_11:40:40, 0.000562, 0.000000, 37.390018
06/27/16_11:40:42, 0.000000, -0.000188, 37.390018
06/27/16_11:40:43, 0.000000, -0.000188, 37.390018
06/27/16_11:40:45, 0.000000, -0.000375, 37.390018
06/27/16_11:40:46, 0.000000, -0.000188, 37.390018
06/27/16_11:40:48, 0.000188, -0.000188, 37.390018
06/27/16_11:40:50, 0.000750, 0.000188, 38.367557
06/27/16_11:40:51, 0.000750, 0.000562, 37.390018
06/27/16_11:40:52, 0.000750, 0.000750, 37.390018
06/27/16_11:40:54, 0.000562, 0.000562, 158.602142
06/27/16_11:40:55, 0.000375, 0.000375, 37.390018
06/27/16_11:40:57, 0.000562, 0.000375, 37.390018
06/27/16_11:40:58, 0.000375, 0.000375, 37.390018
06/27/16_11:41:00, 0.000562, 0.000375, 37.390018
06/27/16_11:41:01, 0.000750, 0.000562, 38.367557
06/27/16_11:41:03, 0.000750, 0.000562, 37.390018
06/27/16_11:41:05, 0.000750, 0.000562, 37.390018
06/27/16_11:41:06, 0.000562, 0.000562, 149.804504
06/27/16_11:41:08, 0.000562, 0.000562, 37.390018
06/27/16_11:41:09, 0.000750, 0.000562, 38.367557
06/27/16_11:41:11, 0.000750, 0.000375, 37.390018
06/27/16_11:41:13, 0.000562, 0.000562, 37.390018
06/27/16_11:41:14, 0.000562, 0.000562, 38.367557
06/27/16_11:41:16, 0.000375, 0.000375, 38.367557
06/27/16_11:41:17, 0.000750, 0.000375, 38.367557
06/27/16_11:41:18, 0.000750, 0.000375, 38.367557
06/27/16_11:41:20, 0.000562, 0.000375, 38.367557
06/27/16_11:41:21, 0.000188, 0.000188, 38.367557
06/27/16_11:41:23, 0.000375, 0.000000, 38.367557
06/27/16_11:41:24, 0.000188, 0.000000, 38.367557
06/27/16_11:41:26, 0.000375, 0.000000, 169.354827
06/27/16_11:41:27, 0.000375, 0.000000, 38.367557
06/27/16_11:41:29, 0.000562, 0.000188, 38.367557
06/27/16_11:41:30, 0.000375, 0.000188, 37.390018
06/27/16_11:41:32, 0.000375, 0.000188, 37.390018
06/27/16_11:41:33, 0.000188, 0.000188, 38.367557
06/27/16_11:41:35, 0.000000, -0.000188, 38.367557
06/27/16_11:41:36, 0.000000, -0.000375, 38.367557
06/27/16_11:41:38, 0.000562, 0.000188, 38.367557
06/27/16_11:41:39, 0.000375, 0.000188, 38.367557
06/27/16_11:41:41, 0.000562, 0.000188, 38.367557
06/27/16_11:41:43, 0.000562, 0.000375, 37.390018
06/27/16_11:41:44, 0.000562, 0.000375, 38.367557
06/27/16_11:41:46, 0.000562, 0.000375, 37.390018
06/27/16_11:41:47, 0.000562, 0.000375, 38.367557
06/27/16_11:41:49, 0.000562, 0.000375, 38.367557
06/27/16_11:41:50, 0.000750, 0.000375, 38.367557
06/27/16_11:41:52, 0.000562, 0.000188, 37.390018
06/27/16_11:41:53, 0.000562, 0.000188, 38.367557
06/27/16_11:41:55, 0.000562, 0.000375, 37.390018
06/27/16_11:41:57, 0.000562, 0.000188, 38.367557
06/27/16_11:41:58, 0.000562, 0.000375, 38.367557
06/27/16_11:42:00, 0.000562, 0.000375, 38.367557
06/27/16_11:42:01, 0.000750, 0.000562, 39.345073
06/27/16_11:42:03, 0.000750, 0.000750, 38.367557
06/27/16_11:42:04, 0.000937, 0.000562, 38.367557
06/27/16_11:42:06, 0.001500, 0.000937, 38.367557
06/27/16_11:42:07, 0.001312, 0.000562, 38.367557
06/27/16_11:42:09, 0.000937, 0.000562, 36.412502
06/27/16_11:42:10, 0.000750, 0.000562, 38.367557
06/27/16_11:42:12, 0.001125, 0.000750, 38.367557
06/27/16_11:42:13, 0.001312, 0.000562, 38.367557
06/27/16_11:42:15, 0.001125, 0.000375, 38.367557
06/27/16_11:42:17, 0.000750, 0.000375, 39.345073
06/27/16_11:42:18, 0.000562, 0.000375, 38.367557
06/27/16_11:42:19, 0.000750, 0.000375, 38.367557
06/27/16_11:42:21, 0.000750, 0.000562, 38.367557
06/27/16_11:42:23, 0.000937, 0.000562, 38.367557
06/27/16_11:42:24, 0.000750, 0.000562, 38.367557
06/27/16_11:42:26, 0.000750, 0.000562, 38.367557
06/27/16_11:42:27, 0.000562, 0.000188, 38.367557
06/27/16_11:42:29, 0.000375, 0.000188, 38.367557
06/27/16_11:42:30, 0.000188, 0.000188, 38.367557
06/27/16_11:42:32, 0.000375, 0.000188, 38.367557
06/27/16_11:42:33, 0.000562, 0.000188, 38.367557
06/27/16_11:42:35, 0.000562, 0.000188, 38.367557
06/27/16_11:42:37, 0.000562, 0.000188, 38.367557
06/27/16_11:42:38, 0.000562, 0.000188, 38.367557
06/27/16_11:42:40, 0.000375, 0.000188, 39.345073
06/27/16_11:42:41, 0.000562, 0.000188, 39.345073
06/27/16_11:42:42, 0.000375, 0.000188, 38.367557
06/27/16_11:42:44, 0.000375, 0.000000, 38.367557
06/27/16_11:42:46, 0.000562, 0.000188, 38.367557
06/27/16_11:42:47, 0.000375, 0.000000, 38.367557
06/27/16_11:42:49, 0.000375, 0.000188, 38.367557
06/27/16_11:42:50, 0.000375, 0.000188, 38.367557
06/27/16_11:42:52, 0.000188, 0.000000, 38.367557
06/27/16_11:42:54, 0.000000, -0.000188, 38.367557
06/27/16_11:42:55, -0.000188, -0.000188, 39.345073
06/27/16_11:42:57, 0.000000, -0.000375, 39.345073
06/27/16_11:42:58, -0.000188, -0.000375, 38.367557
06/27/16_11:43:00, -0.000188, -0.000375, 38.367557
06/27/16_11:43:01, 0.000000, -0.000375, 39.345073
06/27/16_11:43:03, -0.000188, 0.000000, 38.367557
06/27/16_11:43:04, 0.000000, -0.000188, 39.345073
06/27/16_11:43:06, 0.000188, 0.000000, 38.367557
06/27/16_11:43:07, 0.000375, 0.000000, 39.345073
06/27/16_11:43:09, 0.000375, 0.000188, 38.367557
06/27/16_11:43:11, 0.000188, 0.000000, 38.367557
06/27/16_11:43:12, 0.000000, 0.000000, 39.345073
06/27/16_11:43:14, 0.000000, -0.000188, 39.345073
06/27/16_11:43:15, 0.000000, 0.000000, 39.345073
06/27/16_11:43:17, -0.000188, -0.000188, 39.345073
06/27/16_11:43:18, -0.000188, -0.000188, 38.367557
06/27/16_11:43:20, -0.000375, -0.000188, 39.345073
06/27/16_11:43:21, -0.000375, -0.000562, 39.345073
06/27/16_11:43:23, -0.000562, -0.000375, 39.345073
06/27/16_11:43:24, -0.000562, -0.000375, 39.345073
06/27/16_11:43:26, -0.000750, -0.000562, 39.345073
06/27/16_11:43:27, -0.000375, -0.000562, 39.345073
06/27/16_11:43:29, -0.000562, -0.000562, 39.345073
06/27/16_11:43:30, -0.000750, -0.000562, 39.345073
06/27/16_11:43:32, -0.000562, -0.000562, 39.345073
06/27/16_11:43:33, -0.000375, -0.000375, 39.345073
06/27/16_11:43:35, -0.000375, -0.000375, 39.345073
06/27/16_11:43:37, 0.000000, 0.000000, 39.345073
06/27/16_11:43:38, -0.000188, -0.000188, 38.367557
06/27/16_11:43:40, -0.000188, -0.000188, 39.345073
06/27/16_11:43:41, -0.000375, -0.000750, 39.345073
06/27/16_11:43:43, -0.000188, -0.000188, 39.345073
06/27/16_11:43:44, 0.000000, 0.000000, 39.345073
06/27/16_11:43:46, -0.000188, 0.000000, 39.345073
06/27/16_11:43:47, -0.000188, -0.000188, 39.345073
06/27/16_11:43:49, -0.000188, -0.000188, 37.390018
06/27/16_11:43:51, -0.000188, 0.000000, 39.345073
06/27/16_11:43:52, 0.000000, 0.000000, 39.345073
06/27/16_11:43:54, -0.000188, -0.000188, 39.345073
06/27/16_11:43:55, 0.000000, 0.000000, 39.345073
06/27/16_11:43:57, 0.000000, 0.000188, 39.345073
06/27/16_11:43:58, 0.000000, 0.000000, 39.345073
06/27/16_11:44:00, 0.000000, 0.000000, 39.345073
06/27/16_11:44:01, 0.000000, -0.000188, 39.345073
06/27/16_11:44:03, 0.000000, -0.000188, 39.345073
06/27/16_11:44:04, -0.000188, -0.000188, 39.345073
06/27/16_11:44:06, -0.000188, -0.000188, 39.345073
06/27/16_11:44:07, -0.000188, -0.000188, 39.345073
06/27/16_11:44:09, -0.000375, -0.000375, 39.345073
06/27/16_11:44:10, -0.000375, -0.000188, 39.345073
06/27/16_11:44:12, -0.000375, -0.000375, 39.345073
06/27/16_11:44:13, -0.000375, -0.000375, 39.345073
06/27/16_11:44:15, -0.000562, -0.000375, 39.345073
06/27/16_11:44:16, -0.000375, -0.000375, 39.345073
06/27/16_11:44:18, -0.000375, -0.000562, 39.345073
06/27/16_11:44:19, -0.000375, -0.000375, 39.345073
06/27/16_11:44:21, -0.000375, -0.000375, 39.345073
06/27/16_11:44:22, -0.000375, -0.000562, 39.345073
06/27/16_11:44:24, -0.000375, -0.000562, 39.345073
06/27/16_11:44:25, -0.000562, -0.000562, 39.345073
06/27/16_11:44:27, -0.000562, -0.000375, 39.345073
06/27/16_11:44:28, -0.000562, -0.000750, 39.345073
06/27/16_11:44:30, -0.000562, -0.000562, 39.345073
06/27/16_11:44:32, -0.000562, -0.000375, 39.345073
06/27/16_11:44:33, -0.000375, -0.000375, 39.345073
06/27/16_11:44:35, 0.000000, -0.000188, 39.345073
06/27/16_11:44:37, 0.000000, 0.000000, 39.345073
06/27/16_11:44:38, 0.000000, -0.000375, 39.345073
06/27/16_11:44:39, -0.000375, -0.000375, 40.322589
06/27/16_11:44:41, -0.000188, -0.000188, 39.345073
06/27/16_11:44:43, -0.000188, -0.000188, 39.345073
06/27/16_11:44:44, -0.000188, -0.000188, 39.345073
06/27/16_11:44:46, -0.000188, -0.000188, 40.322589
06/27/16_11:44:47, 0.000000, -0.000188, 39.345073
06/27/16_11:44:49, 0.000000, 0.000000, 39.345073
06/27/16_11:44:50, -0.000188, 0.000000, 40.322589
06/27/16_11:44:52, 0.000000, 0.000000, 40.322589
06/27/16_11:44:53, 0.000000, -0.000188, 39.345073
06/27/16_11:44:54, 0.000000, -0.000188, 39.345073
06/27/16_11:44:56, -0.000188, 0.000000, 39.345073
06/27/16_11:44:57, 0.000000, 0.000000, 40.322589
06/27/16_11:44:59, 0.000000, -0.000188, 39.345073
06/27/16_11:45:01, 0.000000, 0.000000, 39.345073
06/27/16_11:45:02, 0.000000, 0.000000, 39.345073
06/27/16_11:45:04, 0.000000, 0.000000, 39.345073
06/27/16_11:45:05, 0.000000, 0.000000, 40.322589
06/27/16_11:45:07, 0.000000, 0.000000, 39.345073
06/27/16_11:45:08, 0.000000, 0.000000, 39.345073
06/27/16_11:45:10, 0.000000, 0.000000, 39.345073
06/27/16_11:45:11, 0.000000, -0.000188, 39.345073
06/27/16_11:45:13, 0.000000, 0.000000, 40.322589
06/27/16_11:45:14, 0.000000, 0.000000, 39.345073
06/27/16_11:45:16, 0.000000, 0.000000, 39.345073
06/27/16_11:45:17, 0.000000, 0.000000, 39.345073
06/27/16_11:45:19, 0.000000, 0.000000, 39.345073
06/27/16_11:45:20, 0.000000, 0.000000, 39.345073
06/27/16_11:45:22, 0.000000, 0.000000, 39.345073
06/27/16_11:45:23, 0.000000, 0.000000, 39.345073
06/27/16_11:45:25, 0.000000, 0.000000, 40.322589
06/27/16_11:45:26, 0.000000, 0.000000, 39.345073
06/27/16_11:45:28, 0.000000, 0.000000, 39.345073
06/27/16_11:45:29, 0.000000, 0.000000, 40.322589
06/27/16_11:45:31, 0.000000, 0.000000, 40.322589
06/27/16_11:45:32, 0.000000, -0.000188, 39.345073
06/27/16_11:45:34, 0.000000, 0.000000, 40.322589
06/27/16_11:45:36, 0.000000, 0.000000, 39.345073
06/27/16_11:45:37, 0.000000, -0.000188, 39.345073
06/27/16_11:45:39, 0.000000, 0.000000, 39.345073
06/27/16_11:45:40, 0.000000, 0.000000, 39.345073
06/27/16_11:45:42, 0.000000, 0.000000, 38.367557
06/27/16_11:45:43, 0.000000, 0.000000, 40.322589
06/27/16_11:45:45, 0.000000, 0.000000, 39.345073
06/27/16_11:45:46, 0.000000, 0.000000, 39.345073
06/27/16_11:45:48, 0.000000, 0.000000, 39.345073
06/27/16_11:45:49, 0.000000, 0.000000, 39.345073
06/27/16_11:45:51, 0.000000, 0.000000, 40.322589
06/27/16_11:45:52, 0.000000, 0.000000, 39.345073
06/27/16_11:45:54, 0.000000, 0.000000, 40.322589
06/27/16_11:45:55, 0.000188, 0.000000, 40.322589
06/27/16_11:45:57, 0.000000, 0.000000, 39.345073
06/27/16_11:45:59, 0.000000, 0.000000, 39.345073
06/27/16_11:46:00, 0.000000, 0.000000, 40.322589
06/27/16_11:46:02, 0.000000, 0.000000, 39.345073
06/27/16_11:46:03, 0.000000, 0.000000, 40.322589
06/27/16_11:46:05, 0.000000, 0.000000, 40.322589
06/27/16_11:46:06, 0.000000, 0.000000, 40.322589
06/27/16_11:46:08, 0.000000, 0.000000, 40.322589
06/27/16_11:46:09, 0.000000, 0.000000, 40.322589
06/27/16_11:46:11, 0.000000, 0.000000, 39.345073
06/27/16_11:46:12, 0.000000, 0.000000, 40.322589
06/27/16_11:46:14, 0.000000, -0.000188, 39.345073
06/27/16_11:46:15, 0.000000, 0.000000, 39.345073
06/27/16_11:46:17, -0.000188, 0.000000, 40.322589
06/27/16_11:46:18, 0.000000, 0.000000, 40.322589
06/27/16_11:46:20, 0.000000, 0.000188, 40.322589
06/27/16_11:46:21, 0.000188, 0.000375, 39.345073
06/27/16_11:46:23, 0.000188, 0.000188, 39.345073
06/27/16_11:46:24, 0.000188, 0.000375, 39.345073
06/27/16_11:46:26, 0.000188, 0.000188, 39.345073
06/27/16_11:46:27, 0.000188, 0.000188, 40.322589
06/27/16_11:46:29, 0.000188, 0.000188, 40.322589
06/27/16_11:46:30, 0.000188, 0.000188, 40.322589
06/27/16_11:46:32, 0.000188, 0.000188, 40.322589
06/27/16_11:46:33, 0.000000, 0.000000, 40.322589
06/27/16_11:46:35, 0.000000, 0.000000, 39.345073
06/27/16_11:46:36, 0.000000, 0.000000, 40.322589
06/27/16_11:46:38, -0.000188, 0.000000, 40.322589
06/27/16_11:46:39, -0.000188, -0.000188, 40.322589
06/27/16_11:46:41, -0.000188, 0.000000, 39.345073
06/27/16_11:46:42, -0.000188, 0.000000, 40.322589
06/27/16_11:46:44, 0.000000, 0.000000, 40.322589
06/27/16_11:46:45, 0.000000, 0.000000, 40.322589
06/27/16_11:46:47, 0.000000, 0.000000, 39.345073
06/27/16_11:46:48, -0.000188, 0.000000, 40.322589
06/27/16_11:46:50, -0.000188, 0.000000, 40.322589
06/27/16_11:46:51, -0.000188, 0.000000, 40.322589
06/27/16_11:46:53, -0.000188, 0.000000, 40.322589
06/27/16_11:46:54, 0.000000, 0.000000, 40.322589
06/27/16_11:46:56, 0.000000, 0.000000, 40.322589
06/27/16_11:46:58, 0.000000, 0.000000, 40.322589
06/27/16_11:46:59, 0.000000, 0.000000, 39.345073
06/27/16_11:47:01, 0.000000, 0.000000, 40.322589
06/27/16_11:47:02, 0.000000, 0.000000, 40.322589
06/27/16_11:47:04, 0.000000, 0.000000, 40.322589
06/27/16_11:47:05, 0.000000, 0.000000, 39.345073
06/27/16_11:47:07, 0.000000, 0.000000, 39.345073
06/27/16_11:47:08, 0.000000, 0.000000, 39.345073
06/27/16_11:47:10, 0.000000, 0.000000, 40.322589
06/27/16_11:47:11, 0.000000, 0.000000, 39.345073
06/27/16_11:47:13, 0.000000, 0.000000, 46.187686
06/27/16_11:47:14, 0.000000, 0.000000, 44.232654
06/27/16_11:47:16, 0.000000, 0.000000, 54.007816
06/27/16_11:47:17, 0.000000, 0.000000, 43.255138
06/27/16_11:47:19, 0.000000, 0.000000, 42.277622
06/27/16_11:47:20, 0.000000, 0.000000, 41.300106
06/27/16_11:47:22, 0.000000, 0.000000, 40.322589
06/27/16_11:47:23, 0.000000, 0.000000, 41.300106
06/27/16_11:47:25, -0.000188, 0.000000, 44.232654
06/27/16_11:47:26, 0.000000, 0.000000, 40.322589
06/27/16_11:47:28, 0.000000, 0.000000, 40.322589
06/27/16_11:47:29, 0.000000, 0.000000, 40.322589
06/27/16_11:47:31, 0.000000, 0.000000, 39.345073
06/27/16_11:47:33, 0.000000, 0.000000, 38.367557
06/27/16_11:47:34, 0.000000, 0.000000, 50.097751
06/27/16_11:47:35, 0.000000, -0.000188, 39.345073
06/27/16_11:47:37, 0.000000, 0.000000, 39.345073
06/27/16_11:47:39, 0.000000, 0.000000, 38.367557
06/27/16_11:47:40, -0.000188, 0.000000, 39.345073
06/27/16_11:47:42, 0.000000, 0.000000, 38.367557
06/27/16_11:47:43, 0.000000, -0.000188, 38.367557
06/27/16_11:47:45, 0.000000, 0.000000, 38.367557
06/27/16_11:47:46, 0.000000, 0.000000, 37.390018
06/27/16_11:47:48, 0.000000, 0.000000, 38.367557
06/27/16_11:47:49, 0.000000, 0.000000, 37.390018
06/27/16_11:47:51, 0.000000, 0.000000, 37.390018
06/27/16_11:47:53, 0.000000, 0.000000, 38.367557
06/27/16_11:47:54, 0.000000, 0.000000, 50.097751
06/27/16_11:47:56, 0.000000, 0.000000, 37.390018
06/27/16_11:47:57, 0.000000, 0.000000, 36.412502
06/27/16_11:47:59, -0.000188, 0.000000, 36.412502
06/27/16_11:48:00, -0.000188, 0.000000, 36.412502
06/27/16_11:48:02, -0.000188, 0.000000, 36.412502
06/27/16_11:48:03, 0.000000, 0.000000, 36.412502
06/27/16_11:48:05, -0.000188, 0.000000, 36.412502
06/27/16_11:48:06, 0.000000, 0.000000, 37.390018
06/27/16_11:48:08, -0.000188, 0.000000, 36.412502
06/27/16_11:48:09, 0.000000, 0.000000, 36.412502
06/27/16_11:48:11, -0.000188, 0.000000, 36.412502
06/27/16_11:48:12, 0.000000, 0.000000, 35.434986
06/27/16_11:48:14, 0.000000, 0.000000, 36.412502
06/27/16_11:48:15, -0.000188, 0.000000, 36.412502
06/27/16_11:48:17, -0.000188, 0.000000, 36.412502
06/27/16_11:48:18, -0.000188, 0.000000, 36.412502
06/27/16_11:48:20, 0.000000, 0.000000, 37.390018
06/27/16_11:48:22, 0.000000, 0.000000, 36.412502
06/27/16_11:48:23, 0.000000, 0.000000, 36.412502
06/27/16_11:48:24, 0.000188, 0.000188, 36.412502
06/27/16_11:48:26, 0.000000, 0.000000, 37.390018
06/27/16_11:48:28, 0.000000, 0.000188, 38.367557
06/27/16_11:48:29, 0.000188, 0.000000, 37.390018
06/27/16_11:48:31, 0.000188, -0.000188, 35.434986
06/27/16_11:48:32, 0.000188, -0.000188, 35.434986
06/27/16_11:48:33, 0.000188, -0.000188, 34.457469
06/27/16_11:48:35, 0.000375, -0.000188, 35.434986
06/27/16_11:48:37, 0.000000, 0.000188, 35.434986
06/27/16_11:48:38, 0.000000, 0.000000, 35.434986
06/27/16_11:48:40, 0.000000, -0.000188, 35.434986
06/27/16_11:48:41, 0.000000, 0.000000, 35.434986
06/27/16_11:48:42, -0.000188, -0.000188, 35.434986
06/27/16_11:48:44, -0.000188, -0.000188, 34.457469
06/27/16_11:48:46, 0.000000, 0.000188, 34.457469
06/27/16_11:48:47, 0.000000, 0.000188, 35.434986
06/27/16_11:48:48, 0.000188, 0.000188, 37.390018
06/27/16_11:48:50, 0.000000, 0.000375, 38.367557
06/27/16_11:48:52, 0.000000, 0.000000, 35.434986
06/27/16_11:48:53, -0.000188, 0.000000, 31.524921
06/27/16_11:48:55, -0.000188, -0.000188, 30.547405
06/27/16_11:48:56, 0.000000, -0.000188, 29.569889
06/27/16_11:48:58, -0.000188, -0.000188, 29.569889
06/27/16_11:48:59, 0.000000, -0.000188, 30.547405
06/27/16_11:49:01, 0.000000, 0.000000, 29.569889
06/27/16_11:49:02, -0.000188, 0.000000, 30.547405
06/27/16_11:49:04, 0.000000, 0.000000, 29.569889
06/27/16_11:49:05, -0.000188, 0.000000, 28.592372
06/27/16_11:49:07, 0.000000, -0.000188, 28.592372
06/27/16_11:49:08, 0.000000, -0.000188, 28.592372
06/27/16_11:49:10, 0.000000, -0.000188, 27.614856
06/27/16_11:49:12, 0.000000, 0.000000, 26.637340
06/27/16_11:49:13, -0.000188, 0.000000, 27.614856
06/27/16_11:49:15, 0.000000, -0.000188, 26.637340
06/27/16_11:49:16, -0.000188, 0.000000, 26.637340
06/27/16_11:49:18, 0.000000, 0.000000, 25.659824
06/27/16_11:49:19, -0.000188, 0.000000, 26.637340
06/27/16_11:49:21, -0.000188, -0.000188, 26.637340
06/27/16_11:49:22, 0.000000, 0.000000, 24.682308
06/27/16_11:49:24, -0.000188, 0.000000, 25.659824
06/27/16_11:49:25, 0.000000, 0.000000, 26.637340
06/27/16_11:49:27, 0.000000, 0.000000, 26.637340
06/27/16_11:49:28, 0.000000, 0.000000, 26.637340
06/27/16_11:49:30, 0.000000, 0.000000, 24.682308
06/27/16_11:49:31, 0.000000, -0.000188, 25.659824
06/27/16_11:49:33, 0.000000, 0.000000, 26.637340
06/27/16_11:49:34, 0.000000, 0.000000, 26.637340
06/27/16_11:49:36, 0.000000, 0.000000, 26.637340
06/27/16_11:49:37, -0.000188, 0.000000, 25.659824
06/27/16_11:49:39, -0.000188, 0.000000, 26.637340
06/27/16_11:49:40, 0.000000, 0.000000, 25.659824
06/27/16_11:49:42, -0.000188, 0.000000, 25.659824
06/27/16_11:49:43, -0.000188, 0.000000, 25.659824
06/27/16_11:49:45, 0.000000, 0.000000, 25.659824
06/27/16_11:49:46, 0.000000, 0.000000, 24.682308
06/27/16_11:49:48, 0.000000, 0.000000, 24.682308
06/27/16_11:49:49, -0.000188, 0.000000, 24.682308
06/27/16_11:49:51, 0.000000, 0.000000, 25.659824
06/27/16_11:49:52, 0.000000, 0.000000, 24.682308
06/27/16_11:49:54, 0.000000, 0.000000, 24.682308
06/27/16_11:49:55, 0.000000, 0.000000, 24.682308
06/27/16_11:49:56, -0.000188, 0.000000, 24.682308
06/27/16_11:49:58, 0.000000, 0.000000, 24.682308
06/27/16_11:50:00, 0.000000, -0.000188, 23.704792
06/27/16_11:50:01, -0.000188, 0.000000, 23.704792
06/27/16_11:50:03, -0.000188, -0.000188, 23.704792
06/27/16_11:50:04, 0.000000, 0.000188, 23.704792
06/27/16_11:50:06, 0.000000, 0.000375, 23.704792
06/27/16_11:50:07, 0.000000, 0.000188, 23.704792
06/27/16_11:50:09, 0.000000, 0.000000, 23.704792
06/27/16_11:50:10, 0.000000, -0.000375, 23.704792
06/27/16_11:50:12, 0.000000, -0.000375, 23.704792
06/27/16_11:50:14, -0.000188, -0.000188, 23.704792
06/27/16_11:50:15, -0.000188, -0.000188, 23.704792
06/27/16_11:50:17, -0.000188, -0.000188, 23.704792
06/27/16_11:50:18, -0.000188, -0.000188, 23.704792
